{"object":{"uuid":"E5BCD55D-9E2F-479E-9734-9ACF89F00815","objectType":"Scene","name":"Beta - Girl Butterflies","matrix":[1,0,0,0,0,1,0,0,0,0,1,0,0,0,0,1],"layers":1,"children":[{"uuid":"A9899A49-2647-4C48-9BEA-8D4FC40B58E5","objectType":"EmptyObject","name":"Empty Object 17","matrix":[1,0,0,0,0,1,0,0,0,0,1,0,-148.95961912554213,192.20111466756617,20.182111021457835,1],"visible":false,"layers":1,"children":[{"uuid":"DAC413BE-9DFB-422B-8FAD-8152CFCB2C9E","objectType":"Mesh2D","name":"Rectangle 3","matrix":[0.9354668333109823,0.2787428364985391,0.21726535590349377,0,-0.29538366223592166,0.9541908261133772,0.04762729726918691,0,-0.1940368414997992,-0.10873039345933191,0.9749499503456378,0,-38.30814067351902,210.41265832357627,0.45087198085168195,1],"castShadow":true,"receiveShadow":true,"layers":1,"hiddenMatrix":[1,0,0,0,0,1,0,0,0,0,1,0,148.95961912554213,-192.20111466756617,-20.182111021457835,1],"interaction":{"uuid":"556C96E7-F844-4605-894D-FE66DEA9D18C"},"geometry":"3E97916A-4745-4633-9430-E57361E64870","material":"3CB11D9A-39FA-4389-8766-6B50154F3353"},{"uuid":"F23A7A57-D2C0-41B5-A9D6-1AD7D785558E","objectType":"Mesh2D","name":"Rectangle 2","matrix":[-0.01604436211992399,-0.014583053714457088,0.9997649288650435,0,-0.3255779083778113,0.9454764115594679,0.00856625711504519,0,-0.9453790795339677,-0.3253639342782057,-0.01991748604902053,0,-303.19732150157955,141.6745247130114,22.762345396018407,1],"castShadow":true,"receiveShadow":true,"layers":1,"hiddenMatrix":[1,0,0,0,0,1,0,0,0,0,1,0,148.95961912554213,-192.20111466756617,-20.182111021457835,1],"interaction":{"uuid":"127DAED0-FAD8-4F23-B4A8-31C9702D0D52"},"geometry":"D767207A-FCE6-4A16-9DF2-7D429B3E1319","material":"7FD89C64-1B25-4618-9D2B-5AB328BAA0BF"},{"uuid":"AA58E3B9-2C5E-4675-A04F-EC5CDDA05747","objectType":"Mesh2D","name":"Rectangle","matrix":[0.9690323636203194,0.22495105434386506,-0.1018494055260047,0,-0.22371874893115215,0.9743700647852352,0.023513788021002627,0,0.10452846326765347,1.7347234759768056e-17,0.9945218953682724,0,-149.4948448377915,196.2538214175586,26.475446759266102,1],"castShadow":true,"receiveShadow":true,"layers":1,"hiddenMatrix":[1,0,0,0,0,1,0,0,0,0,1,0,148.95961912554213,-192.20111466756617,-20.182111021457835,1],"interaction":{"uuid":"8290C35A-DA3B-4BF0-BBAC-E5D4183CD328"},"geometry":"321A3F40-B4B1-413E-AEA7-EBA9F98CCBEA","material":"8026C1B1-98D1-47E5-BA29-3AA959019DE1"},{"uuid":"9783AC4E-7426-402E-B448-9B1A1A099CB9","objectType":"EmptyObject","name":"Empty Object 11","matrix":[1,0,0,0,0,1,0,0,0,0,1,0,-66.15777478417681,215.92275677104553,18.10565773273189,1],"layers":1,"children":[{"uuid":"5D3A6A64-A30D-40B2-B8BB-C4BDCD2E9E68","objectType":"Mesh2D","name":"Ellipse 4","matrix":[0.9943704248665338,0.01745240643728354,-0.10451254307640295,0,-0.017356800328744683,0.9998476951563913,0.0018242732252117535,0,0.10452846326765332,4.3368086899420057e-19,0.9945218953682705,0,-236.71526856213333,168.4794725640868,29.383570223472518,1],"castShadow":true,"receiveShadow":true,"layers":1,"hiddenMatrix":[1,0,0,0,0,1,0,0,0,0,1,0,236.7152685621333,-168.47947256408676,-29.38357022347252,1],"interaction":{"uuid":"EEB6F8A2-5D33-4764-A0A4-91D6A260A3E3"},"geometry":"4D806D5B-8DC6-402D-9DF3-CAD9EE2E2083","material":"CAF728BA-FE8D-40B8-8B60-E527DED009F0"},{"uuid":"0F26E5A1-D9B7-4CFA-BE6A-1C0462F7584F","objectType":"Mesh2D","name":"Ellipse 5","matrix":[0.9943704248665338,0.01745240643728354,-0.10451254307640295,0,-0.017356800328744683,0.9998476951563913,0.0018242732252117535,0,0.10452846326765332,4.3368086899420057e-19,0.9945218953682705,0,-236.71526856213333,168.4794725640868,28.38,1],"castShadow":true,"receiveShadow":true,"layers":1,"hiddenMatrix":[1,0,0,0,0,1,0,0,0,0,1,0,236.7152685621333,-168.47947256408676,-29.38357022347252,1],"interaction":{"uuid":"133EEB42-2D55-429A-A294-7B89626918A2"},"geometry":"19296B8E-0011-47E3-A2E1-AF9C8D83C1B9","material":"C38E2A38-828D-49D7-8E1C-F988D0B7D1B7"}],"hiddenMatrix":[1,0,0,0,0,1,0,0,0,0,1,0,148.95961912554213,-192.20111466756617,-20.182111021457835,1],"interaction":{"uuid":"19E1C62F-C63A-41F5-8405-1C5870899615"},"enableHelper":true},{"uuid":"7B681BA1-34FC-4F18-A514-D6ABAD9CEBE4","objectType":"EmptyObject","name":"Empty Object 10","matrix":[1,0,0,0,0,1,0,0,0,0,1,0,-231.7614634669074,168.47947256408676,34.7959812374808,1],"layers":1,"children":[{"uuid":"24730CB7-00C2-432F-9AA7-5F35507F99B2","objectType":"Mesh2D","name":"Ellipse 4","matrix":[0.9943704248665338,0.01745240643728354,-0.10451254307640295,0,-0.017356800328744683,0.9998476951563913,0.0018242732252117535,0,0.10452846326765332,4.3368086899420057e-19,0.9945218953682705,0,-236.71526856213333,168.4794725640868,29.383570223472518,1],"castShadow":true,"receiveShadow":true,"layers":1,"hiddenMatrix":[1,0,0,0,0,1,0,0,0,0,1,0,236.7152685621333,-168.47947256408676,-29.38357022347252,1],"interaction":{"uuid":"444840A5-2145-4186-8FBF-E1CB16E54CC6"},"geometry":"60F83697-799E-494D-A763-6E09705B9C98","material":"3DC1ADB9-F210-4C12-BEF1-193455F25E0C"},{"uuid":"BFB09AD1-C59C-4B76-BB47-B33AE241A7BD","objectType":"Mesh2D","name":"Ellipse 5","matrix":[0.9943704248665338,0.01745240643728354,-0.10451254307640295,0,-0.017356800328744683,0.9998476951563913,0.0018242732252117535,0,0.10452846326765332,4.3368086899420057e-19,0.9945218953682705,0,-236.71526856213333,168.4794725640868,28.38,1],"castShadow":true,"receiveShadow":true,"layers":1,"hiddenMatrix":[1,0,0,0,0,1,0,0,0,0,1,0,236.7152685621333,-168.47947256408676,-29.38357022347252,1],"interaction":{"uuid":"D57676EC-0067-4DD1-98F5-A091CEEE9127"},"geometry":"2FFBD8B5-711D-4F17-A322-20D0E5D31D35","material":"90F51C36-870D-482B-958F-7CD6664D554E"}],"hiddenMatrix":[1,0,0,0,0,1,0,0,0,0,1,0,148.95961912554213,-192.20111466756617,-20.182111021457835,1],"interaction":{"uuid":"2466A65D-3340-4EA3-BA65-2A63A0D26E90"},"enableHelper":true}],"hiddenMatrix":[1,0,0,0,0,1,0,0,0,0,1,0,0,0,0,1],"interaction":{"uuid":"95B69BE1-4DAC-4A22-85F9-2801D1DC244A"},"enableHelper":true},{"uuid":"E07746DA-9A94-4FD0-BBD7-62B47D52145B","objectType":"VectorObject","name":"Shape 13","matrix":[0.9999999999999988,3.944304526105059e-31,-5.0495712912379413e-8,0,-9.22173708555076e-16,0.999999999999998,-1.8262415864000928e-8,0,5.04957129123794e-8,1.8262415864000987e-8,0.9999999999999986,0,-104.72731903738105,168.61934933333308,10.976016802907964,1],"layers":1,"hiddenMatrix":[1,0,0,0,0,1,0,0,0,0,1,0,0,0,0,1],"interaction":{"uuid":"B2013A36-4920-4548-AE75-D0A98D882BA7"},"geometry":"45858B71-C2FA-4CF9-85F0-97AB9D56071C","material":"9E1DF0CF-0628-4A6C-955B-49095973ADC9"},{"uuid":"13105FB2-3662-4D33-8B1F-B4645B62237A","objectType":"EmptyObject","name":"Empty Object 12","matrix":[1,0,0,0,0,1,0,0,0,0,1,0,575.59385845221,-286.04291168182687,-152.44448542506652,1],"layers":1,"children":[{"uuid":"86A82AAA-7A0D-4619-9A9F-2D7E5113A6CE","objectType":"EmptyObject","name":"Empty Object 7","matrix":[0.9563047559630354,0.25061146493886355,-0.15058255995856915,0,-0.29237170472273705,0.8197131663174275,-0.492533360538531,0,-1.110223024625156e-16,0.5150380749100538,0.857167300702112,0,-655.6671895318957,-191.01818771072413,182.9388848795487,1],"layers":1,"hiddenMatrix":[0.41093102083751215,-0.7524696717604102,-0.5147087421000547,0,0.452891321019864,0.6584803356759137,-0.6010766164749869,0,0.7912175095751627,0.013893905459457864,0.6113769802116866,0,165.33471993276203,-368.0945472661689,-564.1644926376383,1],"interaction":{"uuid":"CB2888D6-86D3-4CDB-B306-AF141C167572"},"enableHelper":true},{"uuid":"9C8E8E0F-5947-44A3-8011-2E0C4AFBAC0A","objectType":"EmptyObject","name":"Empty Object 7","matrix":[0.9563047559630354,0.25061146493886355,-0.1505825599585692,0,-0.29237170472273705,0.8197131663174275,-0.492533360538531,0,-5.551115123125781e-17,0.5150380749100539,0.857167300702112,0,-655.6671895318957,-191.0181877107239,182.93888487954874,1],"layers":1,"children":[{"uuid":"0466ECC6-EFA4-40DF-B8CC-5F05788FA566","objectType":"VectorObject","name":"Shape 10","matrix":[0.9999999999668919,-6.310887241768094e-30,0.000008137316624356632,0,-9.473418455895596e-14,0.999999999999998,1.1641944012877779e-8,0,-0.000008137316624356618,-1.1641944013263219e-8,0.99999999996689,0,136.99,347.46,-1,1],"layers":1,"hiddenMatrix":[1,0,0,0,0,1,0,0,0,0,1,0,-195.21439950556265,-385.6455258754782,-0.0015930082600230776,1],"interaction":{"uuid":"D9E2090F-B2E2-4830-BF15-4EFF6C0CEAF9"},"geometry":"84E2F9A2-2575-4C2F-8BF5-1B6BD6ABA3AF","material":"9138EEF0-DF67-468D-9BCE-9550DB0C18B3"},{"uuid":"C757FED6-0FF8-4AB4-9CB1-26CC7E7D53C7","objectType":"VectorObject","name":"Shape 9","matrix":[0.9999999999668919,-6.310887241768094e-30,0.000008137316624356632,0,-9.473418455895596e-14,0.999999999999998,1.1641944012877779e-8,0,-0.000008137316624356618,-1.1641944013263219e-8,0.99999999996689,0,131.76575999560438,352.4980053333335,0.0010763205209514126,1],"layers":1,"hiddenMatrix":[1,0,0,0,0,1,0,0,0,0,1,0,-195.21439950556265,-385.6455258754782,-0.0015930082600230776,1],"interaction":{"uuid":"D8EBB0E7-258A-4032-A67A-3AA62FB1D903"},"geometry":"60217D16-D98C-4C3E-8244-C3092EC85E20","material":"D1DD0CF5-876E-497D-B221-837139696090"}],"hiddenMatrix":[0.41093102083751215,-0.7524696717604102,-0.5147087421000547,0,0.452891321019864,0.6584803356759137,-0.6010766164749869,0,0.7912175095751627,0.013893905459457864,0.6113769802116866,0,165.33471993276203,-368.0945472661689,-564.1644926376383,1],"interaction":{"uuid":"6B507833-B00F-43E1-9DE1-AA1C029C5FFC"},"enableHelper":true},{"uuid":"934DECE3-1675-4E48-96A7-8760C886274C","objectType":"EmptyObject","name":"Empty Object 7","matrix":[0.956304755963034,0.2479452675601253,0.15493339864928046,0,-0.29237170472273694,0.810992427639788,0.5067643126626463,0,-1.6653345369377346e-16,-0.5299192642332048,0.848048096156426,0,-650.9360796946261,-192.74104723037402,247.8923227680741,1],"layers":1,"children":[{"uuid":"A69FB1B1-C7D7-4A3E-91F3-F6273DA5BC87","objectType":"VectorObject","name":"Shape 10","matrix":[0.9999999999668919,-6.310887241768094e-30,0.000008137316624356632,0,-9.473418455895596e-14,0.999999999999998,1.1641944012877779e-8,0,-0.000008137316624356618,-1.1641944013263219e-8,0.99999999996689,0,136.99,347.46,4,1],"layers":1,"hiddenMatrix":[1,0,0,0,0,1,0,0,0,0,1,0,-195.21439950556265,-385.6455258754782,-0.0015930082600230776,1],"interaction":{"uuid":"4DF9CE06-D483-446B-AAB9-9BB88B35C016"},"geometry":"9848F1B5-7D54-4A2C-A172-8088E1B2E3D5","material":"9BF4E1FB-C8E4-4BAB-A6FB-71A349D6182C"},{"uuid":"F98DF4AD-8778-4F2F-8B05-0707FE0AA70C","objectType":"VectorObject","name":"Shape 9","matrix":[0.9999999999668919,-6.310887241768094e-30,0.000008137316624356632,0,-9.473418455895596e-14,0.999999999999998,1.1641944012877779e-8,0,-0.000008137316624356618,-1.1641944013263219e-8,0.99999999996689,0,131.76575999560438,352.4980053333335,0.0010763205209514126,1],"layers":1,"hiddenMatrix":[1,0,0,0,0,1,0,0,0,0,1,0,-195.21439950556265,-385.6455258754782,-0.0015930082600230776,1],"interaction":{"uuid":"B1B2E52A-AB0A-4070-8D14-603C12839FC5"},"geometry":"D5CD9A7B-3B6E-4A2F-81F8-2514015DB1BB","material":"0FD81E24-9918-449B-9436-50F5CE95A989"}],"hiddenMatrix":[0.41093102083751215,-0.7524696717604102,-0.5147087421000547,0,0.452891321019864,0.6584803356759137,-0.6010766164749869,0,0.7912175095751627,0.013893905459457864,0.6113769802116866,0,165.33471993276203,-368.0945472661689,-564.1644926376383,1],"interaction":{"uuid":"074A3C2F-119B-43EA-85F1-8807C1B4638D"},"enableHelper":true}],"hiddenMatrix":[1,0,0,0,0,1,0,0,0,0,1,0,0,0,0,1],"interaction":{"uuid":"D2762E77-7DA8-4A33-B7A5-CA982131CA3B"},"enableHelper":true},{"uuid":"CB5AAA65-D745-4AC6-935A-ACEAAE4BB4FB","objectType":"EmptyObject","name":"Empty Object 14","matrix":[0.9335804264972009,0.17918397477265022,-0.31035574820836986,0,-0.08669705367616529,0.9532275213749596,0.28955295435761497,0,0.347722889878097,-0.24341404166157943,0.9054492786328783,0,-178.5787315187655,262.9953980732984,354.2801616520039,1],"layers":1,"children":[{"uuid":"24609245-2DB0-4ECD-893E-E1AD083327E4","objectType":"EmptyObject","name":"Empty Object 6","matrix":[0.913288768109702,-1.313280325098035,-0.11642803847727427,0,1.3822310493755952,1.0168137327858953,-0.6268711401870385,0,0.7925625407217018,0.3464220963570429,2.3094878747199985,0,-413.7268671065945,201.91430302073604,367.1293783850123,1],"layers":1,"children":[{"uuid":"17DA8F66-3D1F-426B-9F63-739D254F2364","objectType":"VectorObject","name":"Shape 10","matrix":[0.9998476951563912,0.00030458649054686016,-0.01744974835124884,0,-9.472427725011594e-14,0.9998476951563893,0.01745240643728518,0,0.017452406437283494,-0.0174497483512505,0.9996954135095459,0,-662.8775000266751,363.2418130472085,-129.45,1],"layers":1,"hiddenMatrix":[0.9563047559630354,0.2506114649388633,-0.15058255995856906,0,-0.2923717047227368,0.8197131663174276,-0.492533360538531,0,-4.163336342344335e-17,0.5150380749100538,0.857167300702112,0,695.602860253644,-109.83416885536167,219.34492980356902,1],"interaction":{"uuid":"BE3CC9A6-B420-4598-9725-F2F2D9346306"},"geometry":"C5AEF778-D838-479D-830A-91A7A6D49E69","material":"1D7E3CDB-D25F-47EA-A60B-71823E8D61F7"},{"uuid":"897B2BB1-B649-444F-A54F-D14C96EFF8C8","objectType":"VectorObject","name":"Shape 9","matrix":[0.9999999999668919,4.73648753588015e-18,0.000008137316624357021,0,-9.473892087641349e-14,0.999999999999998,1.1641943991976162e-8,0,-0.000008137316624357008,-1.1641943992361642e-8,0.99999999996689,0,-668.1017400310702,368.27981838054194,-131.4470392035474,1],"layers":1,"hiddenMatrix":[0.9563047559630354,0.2506114649388633,-0.15058255995856906,0,-0.2923717047227368,0.8197131663174276,-0.492533360538531,0,-4.163336342344335e-17,0.5150380749100538,0.857167300702112,0,695.602860253644,-109.83416885536167,219.34492980356902,1],"interaction":{"uuid":"9EE0B2CB-D99F-43EE-B0EA-A55D123276BA"},"geometry":"E487D156-E610-4817-9A28-6F2CB9A47B67","material":"424A4733-D1DE-4D2A-89BB-B6DC47641ED2"}],"hiddenMatrix":[1,0,0,0,0,1,0,0,0,0,1,0,477.3629744897258,-190.1129564674769,-397.087201469642,1],"interaction":{"uuid":"A94E2B1D-B40A-4BA3-9B07-EB707DFA47EC"},"enableHelper":true},{"uuid":"314C2EFC-91FA-4441-BEAA-35827398E1F9","objectType":"EmptyObject","name":"Empty Object 5","matrix":[0.163979313188499,-1.5947223628160594,0.04825396117623053,0,-0.749133345211178,-0.12730013295952286,-1.6613350579219563,0,2.2350913295048516,0.19886880619457836,-1.0230913155595287,0,-582.9339106247812,134.50100657789991,414.6798908611239,1],"layers":1,"children":[{"uuid":"7A51364A-56DB-46E9-88D9-DA27ACB6B398","objectType":"VectorObject","name":"Shape 10","matrix":[0.9998476951563912,0.00030458649054686016,-0.01744974835124884,0,-9.472427725011594e-14,0.9998476951563893,0.01745240643728518,0,0.017452406437283494,-0.0174497483512505,0.9996954135095459,0,-662.8775000266751,363.2418130472085,-132.4481155240684,1],"layers":1,"hiddenMatrix":[0.9563047559630354,0.2506114649388633,-0.15058255995856906,0,-0.2923717047227368,0.8197131663174276,-0.492533360538531,0,-4.163336342344335e-17,0.5150380749100538,0.857167300702112,0,695.602860253644,-109.83416885536167,219.34492980356902,1],"interaction":{"uuid":"1FDA9BB0-BC98-4D76-B62F-F71D5D3FE9C4"},"geometry":"31D33C8B-389D-400C-8015-1A073C120515","material":"DDFB6DD4-8E41-4514-A510-98B3E4DC97D5"},{"uuid":"A85ADDB6-8BC4-4970-8C11-DF6025B96382","objectType":"VectorObject","name":"Shape 9","matrix":[0.9999999999668919,4.73648753588015e-18,0.000008137316624357021,0,-9.473892087641349e-14,0.999999999999998,1.1641943991976162e-8,0,-0.000008137316624357008,-1.1641943992361642e-8,0.99999999996689,0,-668.1017400310702,368.27981838054194,-131.4470392035474,1],"layers":1,"hiddenMatrix":[0.9563047559630354,0.2506114649388633,-0.15058255995856906,0,-0.2923717047227368,0.8197131663174276,-0.492533360538531,0,-4.163336342344335e-17,0.5150380749100538,0.857167300702112,0,695.602860253644,-109.83416885536167,219.34492980356902,1],"interaction":{"uuid":"57E3B34E-021F-4C4D-B054-677B7B50660B"},"geometry":"387940F1-7701-4667-BC58-9D8813E8F6E5","material":"7EBEA6A6-264F-4FB2-8E70-7C731FB1934E"}],"hiddenMatrix":[1,0,0,0,0,1,0,0,0,0,1,0,477.3629744897258,-190.1129564674769,-397.087201469642,1],"interaction":{"uuid":"52E0FF52-0EB8-4CAC-8059-E93E1F045482"},"enableHelper":true}],"hiddenMatrix":[1,0,0,0,0,1,0,0,0,0,1,0,0,0,0,1],"interaction":{"uuid":"9F2507C1-8930-477E-9CF0-95D16DF40799"},"enableHelper":true},{"uuid":"58B0A1FD-E001-4416-8E53-352C630BC888","objectType":"VectorObject","name":"Shape 3","matrix":[1,0,0,0,0,1,-6.394884621840902e-17,0,0,6.394884621840902e-17,1,0,-1393.8864562499996,500.5236302083334,33,1],"visible":false,"layers":1,"hiddenMatrix":[1,0,0,0,0,1,0,0,0,0,1,0,0,0,0,1],"interaction":{"uuid":"BAB5B379-E694-4082-BC4C-DD85E383D9F5"},"geometry":"BCF23EA0-4B48-4E30-95AB-D87A2025BDDA","material":"E8EAE8B3-BB0B-48D6-88BA-23018A3D9D12"},{"uuid":"240990FD-4253-414C-8225-0750AC38C74A","objectType":"VectorObject","name":"Shape 2","matrix":[1,0,0,0,0,1,-6.394884621840902e-17,0,0,6.394884621840902e-17,1,0,-1376.7966124999994,336.9494114583335,0,1],"layers":1,"hiddenMatrix":[1,0,0,0,0,1,0,0,0,0,1,0,0,0,0,1],"interaction":{"uuid":"48974EBE-F063-490C-B3C2-DEC86841E870"},"geometry":"66FB5624-192D-46EC-85FB-044A7A91DE1B","material":"53373656-E5BC-4E85-927F-FF3A14652535"},{"uuid":"F8C5B126-D712-445F-A492-1B0B54C106FE","objectType":"CombinedCamera","name":"Default Camera","matrix":[0.9803013034053417,-8.673617379884032e-19,-0.1975078594430796,0,-0.014799500658191298,0.9971887060448059,-0.07345515173867927,0,0.1969526067917241,0.07493119868709032,0.9775453882768103,0,310.07811519668087,89.23588198658639,987.8771688205974,1],"layers":1,"children":[{"uuid":"7DD22E7C-A4FA-4E1D-B344-0E78D6548F0E","type":"DirectionalLight","name":"Default Directional Light","userData":{"isDefaultDirectionalLight":true},"layers":1,"matrix":[1,0,0,0,0,1,0,0,0,0,1,0,850000,1300000,1000000,1],"color":16777215,"intensity":0.75,"shadow":{"camera":{"uuid":"0DE9E6DB-0694-45B9-8025-F6E28C53E89D","type":"OrthographicCamera","layers":1,"zoom":1,"left":-5,"right":5,"top":5,"bottom":-5,"near":0.5,"far":500}}}],"hiddenMatrix":[1,0,0,0,0,1,0,0,0,0,1,0,0,0,0,1],"interaction":{"uuid":"58A3B859-90F5-476F-A984-9322E56E403E"},"enableHelper":false,"cameraType":"OrthographicCamera","targetOffset":1000.0000000000043,"isUpVectorFlipped":false,"angleOffsetFromUp":0,"left":-720,"right":720,"top":394.5,"bottom":-394.5,"zoomOrtho":0.18354479227317363,"nearOrtho":-50000,"far":50000,"aspect":1.8250950570342206,"fov":45,"focus":10,"filmGauge":35,"filmOffset":0,"zoomPersp":1,"nearPersp":50},{"uuid":"D42342EB-7FCB-4AF3-92F2-6C7163DFB033","type":"HemisphereLight","name":"Default Ambient Light","userData":{"isDefaultHemisphereLight":true},"layers":1,"matrix":[1,0,0,0,0,1,0,0,0,0,1,0,0,1,0,1],"color":13882323,"intensity":0.75,"groundColor":8553090}],"activeCamera":"F8C5B126-D712-445F-A492-1B0B54C106FE","camera":"F8C5B126-D712-445F-A492-1B0B54C106FE","directionalLight":"7DD22E7C-A4FA-4E1D-B344-0E78D6548F0E","ambientLight":"D42342EB-7FCB-4AF3-92F2-6C7163DFB033","color":[0.14901960784313725,0.14901960784313725,0.3137254901960784],"alpha":0,"directionalLightState":true,"ambientLightState":true,"canvas":{"mode":2,"preset":"crop","editorSize":{"width":1440,"height":789},"color":[0,0,0,0.5],"size":{"width":250,"height":160}},"postprocessing":{"enabled":false,"bloom":{"enabled":false,"opacity":1,"blendFunction":16,"intensity":1,"luminanceThreshold":0.9,"luminanceSmoothing":0.025,"blurScale":1,"kernelSize":3},"chromaticAberration":{"enabled":false,"opacity":1,"blendFunction":13,"offset":[10,10]},"vignette":{"enabled":false,"opacity":1,"blendFunction":13,"eskil":false,"darkness":0.5,"offset":0.5},"noise":{"enabled":false,"opacity":1,"blendFunction":14},"colorAverage":{"enabled":false,"opacity":1,"blendFunction":13},"hueSaturation":{"enabled":false,"opacity":1,"blendFunction":13,"_hue":0,"hue":0,"saturation":0},"brightnessContrast":{"enabled":false,"opacity":1,"blendFunction":13,"contrast":0,"brightness":0},"depthOfField":{"enabled":false,"opacity":1,"blendFunction":13,"focalLength":0.1,"focusDistance":0,"bokehScale":1},"pixelation":{"enabled":false,"opacity":1,"blendFunction":13,"granularity":30}}},"metadata":{"version":1.5,"type":"Object","generator":"Object3D.toJSON"},"geometries":[{"uuid":"3E97916A-4745-4633-9430-E57361E64870","userData":{"shape":{"points":[-44.5,4.5,-44.5,4.5,-44.5,4.5,0,44.5,4.5,44.5,4.5,44.5,4.5,0,44.5,-4.5,44.5,-4.5,44.5,-4.5,0,-44.5,-4.5,-44.5,-4.5,-44.5,-4.5,0],"shapeHoles":[],"isClosed":true,"roundness":0},"parameters":{"width":89,"depth":0,"cornerRadius":[0,0,0,0],"cornerType":1,"extrudeDepth":0,"extrudeBevelSize":0,"extrudeBevelSegments":1,"height":9,"surfaceMaxCount":1000},"ui":{"enabledIndieCorners":false},"type":"RectangleGeometry"}},{"uuid":"D767207A-FCE6-4A16-9DF2-7D429B3E1319","userData":{"shape":{"points":[-20.5,4.5,-20.5,4.5,-20.5,4.5,0,20.5,4.5,20.5,4.5,20.5,4.5,0,20.5,-4.5,20.5,-4.5,20.5,-4.5,0,-20.5,-4.5,-20.5,-4.5,-20.5,-4.5,0],"shapeHoles":[],"isClosed":true,"roundness":0},"parameters":{"width":41,"depth":0,"cornerRadius":[0,0,0,0],"cornerType":1,"extrudeDepth":0,"extrudeBevelSize":0,"extrudeBevelSegments":1,"height":9,"surfaceMaxCount":1000},"ui":{"enabledIndieCorners":false},"type":"RectangleGeometry"}},{"uuid":"321A3F40-B4B1-413E-AEA7-EBA9F98CCBEA","userData":{"shape":{"points":[-14.5,5,-14.5,5,-14.5,5,0,14.5,5,14.5,5,14.5,5,0,14.5,-5,14.5,-5,14.5,-5,0,-14.5,-5,-14.5,-5,-14.5,-5,0],"shapeHoles":[],"isClosed":true,"roundness":0},"parameters":{"width":29,"depth":0,"cornerRadius":[0,0,0,0],"cornerType":1,"extrudeDepth":0,"extrudeBevelSize":0,"extrudeBevelSegments":1,"height":10,"surfaceMaxCount":1000},"ui":{"enabledIndieCorners":false},"type":"RectangleGeometry"}},{"uuid":"4D806D5B-8DC6-402D-9DF3-CAD9EE2E2083","userData":{"shape":{"points":[-77.5,0,-77.5,-42.8020681095,-77.5,42.8020681095,0,0,77.5,-42.8020681095,77.5,42.8020681095,77.5,0,77.5,0,77.5,42.8020681095,77.5,-42.8020681095,0,0,-77.5,42.8020681095,-77.5,-42.8020681095,-77.5,0],"shapeHoles":[{"points":[0,-67.425,-37.237799255264996,-67.425,37.237799255264996,-67.425,0,67.425,0,67.425,-37.237799255264996,67.425,37.237799255264996,0,0,67.425,37.237799255264996,67.425,-37.237799255264996,67.425,0,-67.425,0,-67.425,37.237799255264996,-67.425,-37.237799255264996,0],"shapeHoles":[],"isClosed":true,"roundness":0}],"isClosed":true,"roundness":0},"parameters":{"width":155,"depth":0,"spikes":128,"angle":360,"innerRadius":87,"extrudeDepth":0,"extrudeBevelSize":0,"extrudeBevelSegments":1,"surfaceMaxCount":1000,"height":155},"type":"EllipseGeometry"}},{"uuid":"19296B8E-0011-47E3-A2E1-AF9C8D83C1B9","userData":{"shape":{"points":[-77.5,0,-77.5,-42.8020681095,-77.5,42.8020681095,0,0,77.5,-42.8020681095,77.5,42.8020681095,77.5,0,77.5,0,77.5,42.8020681095,77.5,-42.8020681095,0,0,-77.5,42.8020681095,-77.5,-42.8020681095,-77.5,0],"shapeHoles":[],"isClosed":true,"roundness":0},"parameters":{"width":155,"depth":0,"spikes":128,"angle":360,"innerRadius":0,"extrudeDepth":0,"extrudeBevelSize":0,"extrudeBevelSegments":1,"surfaceMaxCount":1000,"height":155},"type":"EllipseGeometry"}},{"uuid":"60F83697-799E-494D-A763-6E09705B9C98","userData":{"shape":{"points":[-77.5,0,-77.5,-42.8020681095,-77.5,42.8020681095,0,0,77.5,-42.8020681095,77.5,42.8020681095,77.5,0,77.5,0,77.5,42.8020681095,77.5,-42.8020681095,0,0,-77.5,42.8020681095,-77.5,-42.8020681095,-77.5,0],"shapeHoles":[{"points":[0,-67.425,-37.237799255264996,-67.425,37.237799255264996,-67.425,0,67.425,0,67.425,-37.237799255264996,67.425,37.237799255264996,0,0,67.425,37.237799255264996,67.425,-37.237799255264996,67.425,0,-67.425,0,-67.425,37.237799255264996,-67.425,-37.237799255264996,0],"shapeHoles":[],"isClosed":true,"roundness":0}],"isClosed":true,"roundness":0},"parameters":{"width":155,"depth":0,"spikes":128,"angle":360,"innerRadius":87,"extrudeDepth":0,"extrudeBevelSize":0,"extrudeBevelSegments":1,"surfaceMaxCount":1000,"height":155},"type":"EllipseGeometry"}},{"uuid":"2FFBD8B5-711D-4F17-A322-20D0E5D31D35","userData":{"shape":{"points":[-77.5,0,-77.5,-42.8020681095,-77.5,42.8020681095,0,0,77.5,-42.8020681095,77.5,42.8020681095,77.5,0,77.5,0,77.5,42.8020681095,77.5,-42.8020681095,0,0,-77.5,42.8020681095,-77.5,-42.8020681095,-77.5,0],"shapeHoles":[],"isClosed":true,"roundness":0},"parameters":{"width":155,"depth":0,"spikes":128,"angle":360,"innerRadius":0,"extrudeDepth":0,"extrudeBevelSize":0,"extrudeBevelSegments":1,"surfaceMaxCount":1000,"height":155},"type":"EllipseGeometry"}},{"uuid":"45858B71-C2FA-4CF9-85F0-97AB9D56071C","userData":{"parameters":{"width":100,"subdivisions":40,"roundness":0,"extrudeDepth":0,"surfaceMaxCount":1000,"extrudeBevelSize":0,"extrudeBevelSegments":3,"depth":0,"height":100},"shape":{"points":[13.369343999999955,-4.456447999999995,13.369343999999955,-4.456447999999995,13.369343999999955,-4.456447999999995,0],"shapeHoles":[],"isClosed":true,"roundness":0},"type":"VectorGeometry"}},{"uuid":"84E2F9A2-2575-4C2F-8BF5-1B6BD6ABA3AF","userData":{"parameters":{"width":76,"subdivisions":40,"roundness":0,"extrudeDepth":0,"surfaceMaxCount":1594,"extrudeBevelSize":0,"extrudeBevelSegments":3,"depth":0,"height":76},"shape":{"points":[2.202009599999967,-0.26214399999997795,5.588910079999973,-9.625927679999963,-1.1848908800000395,9.101639680000007,0,40.03463167999993,79.8490624,17.70667971250223,85.65743906264031,65.59978199228624,73.19856339019685,0,58.25888255999996,20.96103424000001,58.25888255999996,20.96103424000001,58.25888255999996,20.96103424000001,0,93.83706624000001,4.183818239999994,93.83706624000001,21.31755007999997,93.83706624000001,-12.949913599999995,0,44.491079679999984,-24.610078720000047,55.24946943999999,-24.610078720000047,33.732689919999984,-24.610078720000047,0],"shapeHoles":[],"isClosed":true,"roundness":0},"type":"VectorGeometry"}},{"uuid":"60217D16-D98C-4C3E-8244-C3092EC85E20","userData":{"parameters":{"width":100,"subdivisions":40,"roundness":0,"extrudeDepth":0,"surfaceMaxCount":1594,"extrudeBevelSize":0,"extrudeBevelSegments":3,"depth":0,"height":100},"shape":{"points":[3.932159999999982,0,8.38860799999999,-12.320767999999987,-0.524288000000027,12.320767999999987,0,51.642368000000005,94.37183999999996,25.271985388999695,109.40949619966132,83.36179199999998,76.28390399999995,0,71.82745599999998,25.165823999999986,71.82745599999998,25.165823999999986,71.82745599999998,25.165823999999986,0,123.46982400000002,5.505023999999992,123.46982400000002,28.04940799999997,123.46982400000002,-17.039359999999988,0,51.642368000000005,-29.622272000000066,65.79814400000001,-29.622272000000066,37.486592,-29.622272000000066,0],"shapeHoles":[],"isClosed":true,"roundness":0},"type":"VectorGeometry"}},{"uuid":"9848F1B5-7D54-4A2C-A172-8088E1B2E3D5","userData":{"parameters":{"width":76,"subdivisions":40,"roundness":0,"extrudeDepth":0,"surfaceMaxCount":1594,"extrudeBevelSize":0,"extrudeBevelSegments":3,"depth":0,"height":76},"shape":{"points":[2.202009599999967,-0.26214399999997795,5.588910079999973,-9.625927679999963,-1.1848908800000395,9.101639680000007,0,40.03463167999993,79.8490624,17.70667971250223,85.65743906264031,65.59978199228624,73.19856339019685,0,58.25888255999996,20.96103424000001,58.25888255999996,20.96103424000001,58.25888255999996,20.96103424000001,0,93.83706624000001,4.183818239999994,93.83706624000001,21.31755007999997,93.83706624000001,-12.949913599999995,0,44.491079679999984,-24.610078720000047,55.24946943999999,-24.610078720000047,33.732689919999984,-24.610078720000047,0],"shapeHoles":[],"isClosed":true,"roundness":0},"type":"VectorGeometry"}},{"uuid":"D5CD9A7B-3B6E-4A2F-81F8-2514015DB1BB","userData":{"parameters":{"width":100,"subdivisions":40,"roundness":0,"extrudeDepth":0,"surfaceMaxCount":1594,"extrudeBevelSize":0,"extrudeBevelSegments":3,"depth":0,"height":100},"shape":{"points":[3.932159999999982,0,8.38860799999999,-12.320767999999987,-0.524288000000027,12.320767999999987,0,51.642368000000005,94.37183999999996,25.271985388999695,109.40949619966132,83.36179199999998,76.28390399999995,0,71.82745599999998,25.165823999999986,71.82745599999998,25.165823999999986,71.82745599999998,25.165823999999986,0,123.46982400000002,5.505023999999992,123.46982400000002,28.04940799999997,123.46982400000002,-17.039359999999988,0,51.642368000000005,-29.622272000000066,65.79814400000001,-29.622272000000066,37.486592,-29.622272000000066,0],"shapeHoles":[],"isClosed":true,"roundness":0},"type":"VectorGeometry"}},{"uuid":"C5AEF778-D838-479D-830A-91A7A6D49E69","userData":{"parameters":{"width":76,"subdivisions":40,"roundness":0,"extrudeDepth":0,"surfaceMaxCount":1594,"extrudeBevelSize":0,"extrudeBevelSegments":3,"depth":0,"height":76},"shape":{"points":[2.202009599999967,-0.26214399999997795,5.588910079999973,-9.625927679999963,-1.1848908800000395,9.101639680000007,0,40.03463167999993,79.8490624,17.70667971250223,85.65743906264031,65.59978199228624,73.19856339019685,0,58.25888255999996,20.96103424000001,58.25888255999996,20.96103424000001,58.25888255999996,20.96103424000001,0,93.83706624000001,4.183818239999994,93.83706624000001,21.31755007999997,93.83706624000001,-12.949913599999995,0,44.491079679999984,-24.610078720000047,55.24946943999999,-24.610078720000047,33.732689919999984,-24.610078720000047,0],"shapeHoles":[],"isClosed":true,"roundness":0},"type":"VectorGeometry"}},{"uuid":"E487D156-E610-4817-9A28-6F2CB9A47B67","userData":{"parameters":{"width":100,"subdivisions":40,"roundness":0,"extrudeDepth":0,"surfaceMaxCount":1594,"extrudeBevelSize":0,"extrudeBevelSegments":3,"depth":0,"height":100},"shape":{"points":[3.932159999999982,0,8.38860799999999,-12.320767999999987,-0.524288000000027,12.320767999999987,0,51.642368000000005,94.37183999999996,25.271985388999695,109.40949619966132,83.36179199999998,76.28390399999995,0,71.82745599999998,25.165823999999986,71.82745599999998,25.165823999999986,71.82745599999998,25.165823999999986,0,123.46982400000002,5.505023999999992,123.46982400000002,28.04940799999997,123.46982400000002,-17.039359999999988,0,51.642368000000005,-29.622272000000066,65.79814400000001,-29.622272000000066,37.486592,-29.622272000000066,0],"shapeHoles":[],"isClosed":true,"roundness":0},"type":"VectorGeometry"}},{"uuid":"31D33C8B-389D-400C-8015-1A073C120515","userData":{"parameters":{"width":76,"subdivisions":40,"roundness":0,"extrudeDepth":0,"surfaceMaxCount":1594,"extrudeBevelSize":0,"extrudeBevelSegments":3,"depth":0,"height":76},"shape":{"points":[2.202009599999967,-0.26214399999997795,5.588910079999973,-9.625927679999963,-1.1848908800000395,9.101639680000007,0,40.03463167999993,79.8490624,17.70667971250223,85.65743906264031,65.59978199228624,73.19856339019685,0,58.25888255999996,20.96103424000001,58.25888255999996,20.96103424000001,58.25888255999996,20.96103424000001,0,93.83706624000001,4.183818239999994,93.83706624000001,21.31755007999997,93.83706624000001,-12.949913599999995,0,44.491079679999984,-24.610078720000047,55.24946943999999,-24.610078720000047,33.732689919999984,-24.610078720000047,0],"shapeHoles":[],"isClosed":true,"roundness":0},"type":"VectorGeometry"}},{"uuid":"387940F1-7701-4667-BC58-9D8813E8F6E5","userData":{"parameters":{"width":100,"subdivisions":40,"roundness":0,"extrudeDepth":0,"surfaceMaxCount":1594,"extrudeBevelSize":0,"extrudeBevelSegments":3,"depth":0,"height":100},"shape":{"points":[3.932159999999982,0,8.38860799999999,-12.320767999999987,-0.524288000000027,12.320767999999987,0,51.642368000000005,94.37183999999996,25.271985388999695,109.40949619966132,83.36179199999998,76.28390399999995,0,71.82745599999998,25.165823999999986,71.82745599999998,25.165823999999986,71.82745599999998,25.165823999999986,0,123.46982400000002,5.505023999999992,123.46982400000002,28.04940799999997,123.46982400000002,-17.039359999999988,0,51.642368000000005,-29.622272000000066,65.79814400000001,-29.622272000000066,37.486592,-29.622272000000066,0],"shapeHoles":[],"isClosed":true,"roundness":0},"type":"VectorGeometry"}},{"uuid":"BCF23EA0-4B48-4E30-95AB-D87A2025BDDA","userData":{"parameters":{"width":100,"subdivisions":40,"roundness":0,"extrudeDepth":0,"surfaceMaxCount":1000,"extrudeBevelSize":0,"extrudeBevelSegments":3,"depth":0,"height":100},"shape":{"points":[],"shapeHoles":[],"isClosed":false,"roundness":0},"type":"VectorGeometry"}},{"uuid":"66FB5624-192D-46EC-85FB-044A7A91DE1B","userData":{"parameters":{"width":100,"subdivisions":40,"roundness":0,"extrudeDepth":0,"surfaceMaxCount":1000,"extrudeBevelSize":0,"extrudeBevelSegments":3,"depth":0,"height":100},"shape":{"points":[],"shapeHoles":[],"isClosed":false,"roundness":0},"type":"VectorGeometry"}}],"materials":[{"uuid":"3CB11D9A-39FA-4389-8766-6B50154F3353","type":"ShaderMaterial","side":2,"transparent":true,"depthFunc":3,"depthTest":true,"depthWrite":true,"colorWrite":true,"stencilWrite":false,"stencilWriteMask":255,"stencilFunc":519,"stencilRef":0,"stencilFuncMask":255,"stencilFail":7680,"stencilZFail":7680,"stencilZPass":7680,"dithering":true,"wireframeLinecap":"","wireframeLinejoin":"","userData":{"type":"BasicMaterial","category":"Basic","nodeType":"BasicNodeMaterial","layers":{"id":2,"uuid":"D100A58A-B52D-4ED6-A54B-1DEF44032D9B","head":{"id":0,"type":"color","defines":{},"uniforms":{"f0_color":"00E444C5-02EE-4828-B883-9D710DC769DE","f0_alpha":"9D6C0AE1-E9C6-494A-BCFD-EA755EEBFD90","f0_mode":"A5FC20C1-07D6-4B4D-9856-A2A1340B4A76"},"next":{"id":1,"type":"light","defines":{},"uniforms":{"f1_alpha":"CF1BCE59-4256-4D92-9F54-6ABBA1C194F8","f1_mode":"6E2721F4-DF2A-4063-929C-D5FEAE25134A"}}}}},"glslVersion":null,"vertex":"41C31214-4896-417A-99A6-A0222DBFE2CF","fragment":"41C31214-4896-417A-99A6-A0222DBFE2CF"},{"uuid":"7FD89C64-1B25-4618-9D2B-5AB328BAA0BF","type":"ShaderMaterial","side":2,"transparent":true,"depthFunc":3,"depthTest":true,"depthWrite":true,"colorWrite":true,"stencilWrite":false,"stencilWriteMask":255,"stencilFunc":519,"stencilRef":0,"stencilFuncMask":255,"stencilFail":7680,"stencilZFail":7680,"stencilZPass":7680,"dithering":true,"wireframeLinecap":"","wireframeLinejoin":"","userData":{"type":"BasicMaterial","category":"Basic","nodeType":"BasicNodeMaterial","layers":{"id":2,"uuid":"D100A58A-B52D-4ED6-A54B-1DEF44032D9B","head":{"id":0,"type":"color","defines":{},"uniforms":{"f0_color":"6911785C-5497-40FD-8C86-9C8745A6D658","f0_alpha":"22AF614E-D556-437D-A9BE-112779D1A0E7","f0_mode":"F7C14D18-6B2B-4589-80E6-1ED1EF2ACA2F"},"next":{"id":1,"type":"light","defines":{},"uniforms":{"f1_alpha":"74071A17-FE4A-47CE-8658-C39ABD819C8A","f1_mode":"A1CCA340-2DF1-435C-AB61-44EACC601DD0"}}}}},"glslVersion":null,"vertex":"6F87BE8D-813D-4F9C-BEAA-9D6EBA68A0AF","fragment":"6F87BE8D-813D-4F9C-BEAA-9D6EBA68A0AF"},{"uuid":"8026C1B1-98D1-47E5-BA29-3AA959019DE1","type":"ShaderMaterial","side":2,"transparent":true,"depthFunc":3,"depthTest":true,"depthWrite":true,"colorWrite":true,"stencilWrite":false,"stencilWriteMask":255,"stencilFunc":519,"stencilRef":0,"stencilFuncMask":255,"stencilFail":7680,"stencilZFail":7680,"stencilZPass":7680,"dithering":true,"wireframeLinecap":"","wireframeLinejoin":"","userData":{"type":"BasicMaterial","category":"Basic","nodeType":"BasicNodeMaterial","layers":{"id":2,"uuid":"B57F4959-167F-4F2E-A054-0A070EC5CBAE","head":{"id":0,"type":"color","defines":{},"uniforms":{"f0_color":"827E08BD-549A-4835-87E7-FD2BA39D8ECC","f0_alpha":"ED288691-FBAA-4820-B9FF-2D2CF7D86877","f0_mode":"FF8ED84A-562F-4E23-81A9-F197F9E690C9"},"next":{"id":1,"type":"light","defines":{},"uniforms":{"f1_alpha":"1B278198-4C11-46B4-84F4-9B0EEFB1344D","f1_mode":"076C32D6-BC6E-47A5-90C4-191BAB6B646B"}}}}},"glslVersion":null,"vertex":"9C2CFB3E-94D0-491F-ADF3-0AD676967AF2","fragment":"9C2CFB3E-94D0-491F-ADF3-0AD676967AF2"},{"uuid":"CAF728BA-FE8D-40B8-8B60-E527DED009F0","type":"ShaderMaterial","side":2,"transparent":true,"depthFunc":3,"depthTest":true,"depthWrite":true,"colorWrite":true,"stencilWrite":false,"stencilWriteMask":255,"stencilFunc":519,"stencilRef":0,"stencilFuncMask":255,"stencilFail":7680,"stencilZFail":7680,"stencilZPass":7680,"dithering":true,"wireframeLinecap":"","wireframeLinejoin":"","userData":{"type":"BasicMaterial","category":"Basic","nodeType":"BasicNodeMaterial","layers":{"id":2,"uuid":"AF644EA6-897B-46A9-98CC-19435A9ACAC7","head":{"id":0,"type":"color","defines":{},"uniforms":{"f0_color":"FC6CA73F-CC12-4F85-85FE-7FF9FC34D202","f0_alpha":"61616C4B-4899-48ED-9F8A-61F6AF3A4543","f0_mode":"7CA9D9E1-59CD-47F0-B399-29AB55605371"},"next":{"id":1,"type":"light","defines":{},"uniforms":{"f1_alpha":"27871327-4EB8-41DE-A6E9-620AA79CC387","f1_mode":"1BA15500-2322-4496-A047-77663FD669D0"}}}}},"glslVersion":null,"vertex":"E4127DC4-FC98-4F6A-B5BC-D9D5AE1CF4E8","fragment":"E4127DC4-FC98-4F6A-B5BC-D9D5AE1CF4E8"},{"uuid":"C38E2A38-828D-49D7-8E1C-F988D0B7D1B7","type":"ShaderMaterial","side":2,"transparent":true,"depthFunc":3,"depthTest":true,"depthWrite":true,"colorWrite":true,"stencilWrite":false,"stencilWriteMask":255,"stencilFunc":519,"stencilRef":0,"stencilFuncMask":255,"stencilFail":7680,"stencilZFail":7680,"stencilZPass":7680,"dithering":true,"wireframeLinecap":"","wireframeLinejoin":"","userData":{"type":"BasicMaterial","category":"Basic","nodeType":"BasicNodeMaterial","layers":{"id":2,"uuid":"0BD5CE90-690D-40B1-BE7E-233E1E1BC600","head":{"id":0,"type":"color","defines":{},"uniforms":{"f0_color":"E14A6E36-54CB-4555-89E1-7EC682F10752","f0_alpha":"A05F4944-85DC-4355-ADE3-58A6489A97D7","f0_mode":"EF02D110-87F1-4EE9-A191-9CDF9356A27C"},"next":{"id":1,"type":"light","defines":{},"uniforms":{"f1_alpha":"E9766694-63C2-464D-8DB9-D41E699A7C66","f1_mode":"3FCFAFD8-25B6-4DAC-861E-F3372C33E00D"}}}}},"glslVersion":null,"vertex":"3E5549A5-FA30-40D5-820B-009183492E86","fragment":"3E5549A5-FA30-40D5-820B-009183492E86"},{"uuid":"3DC1ADB9-F210-4C12-BEF1-193455F25E0C","type":"ShaderMaterial","side":2,"transparent":true,"depthFunc":3,"depthTest":true,"depthWrite":true,"colorWrite":true,"stencilWrite":false,"stencilWriteMask":255,"stencilFunc":519,"stencilRef":0,"stencilFuncMask":255,"stencilFail":7680,"stencilZFail":7680,"stencilZPass":7680,"dithering":true,"wireframeLinecap":"","wireframeLinejoin":"","userData":{"type":"BasicMaterial","category":"Basic","nodeType":"BasicNodeMaterial","layers":{"id":2,"uuid":"AF644EA6-897B-46A9-98CC-19435A9ACAC7","head":{"id":0,"type":"color","defines":{},"uniforms":{"f0_color":"6AAF4948-4FC4-4654-85A7-94DF8779AE48","f0_alpha":"3464478D-B3E4-459C-A39E-A9407BFF8E62","f0_mode":"B7CB3CD3-D526-4DFD-92C3-A7872047BBEA"},"next":{"id":1,"type":"light","defines":{},"uniforms":{"f1_alpha":"0C69184D-1DBC-4D37-92A3-32B3A4F67BD6","f1_mode":"1390496F-0A98-4EBC-A4DD-C001F052B4C5"}}}}},"glslVersion":null,"vertex":"35456C5F-861C-44D9-8513-DE4433BB7204","fragment":"35456C5F-861C-44D9-8513-DE4433BB7204"},{"uuid":"90F51C36-870D-482B-958F-7CD6664D554E","type":"ShaderMaterial","side":2,"transparent":true,"depthFunc":3,"depthTest":true,"depthWrite":true,"colorWrite":true,"stencilWrite":false,"stencilWriteMask":255,"stencilFunc":519,"stencilRef":0,"stencilFuncMask":255,"stencilFail":7680,"stencilZFail":7680,"stencilZPass":7680,"dithering":true,"wireframeLinecap":"","wireframeLinejoin":"","userData":{"type":"BasicMaterial","category":"Basic","nodeType":"BasicNodeMaterial","layers":{"id":2,"uuid":"E15E7610-8BF0-4C75-B9FC-2C181AB64E60","head":{"id":0,"type":"color","defines":{},"uniforms":{"f0_color":"3F982CC4-451E-4C1C-B89C-07842489E20A","f0_alpha":"8289BE4F-1DA9-46CA-973B-764E876DD847","f0_mode":"B3CEC9F0-A81F-4C60-8FB9-4CFEDDF891F1"},"next":{"id":1,"type":"light","defines":{},"uniforms":{"f1_alpha":"597A81C7-7FFA-4885-AD95-E7F58B359EB6","f1_mode":"EC0DD2B5-566C-4B28-9F80-A2CD323C15FC"}}}}},"glslVersion":null,"vertex":"F713EFCD-BC01-4FEF-A7A1-EFF6F4BA7A63","fragment":"F713EFCD-BC01-4FEF-A7A1-EFF6F4BA7A63"},{"uuid":"9E1DF0CF-0628-4A6C-955B-49095973ADC9","type":"ShaderMaterial","side":2,"transparent":true,"depthFunc":3,"depthTest":true,"depthWrite":true,"colorWrite":true,"stencilWrite":false,"stencilWriteMask":255,"stencilFunc":519,"stencilRef":0,"stencilFuncMask":255,"stencilFail":7680,"stencilZFail":7680,"stencilZPass":7680,"dithering":true,"wireframeLinecap":"","wireframeLinejoin":"","userData":{"type":"BasicMaterial","category":"Basic","nodeType":"BasicNodeMateria