{"object":{"uuid":"EDE8DA62-3A80-4E56-8509-5DD7F00249F9","objectType":"Scene","name":"Totoro 3D","matrix":[1,0,0,0,0,1,0,0,0,0,1,0,0,0,0,1],"layers":1,"children":[{"uuid":"EA4E1EAE-B03E-4311-B9B0-BFC331F8B0CB","objectType":"LightDirectional","name":"Directional Light 3","matrix":[1.0000000000000002,0,0,0,0,1.0000000000000002,0,0,0,0,1.0000000000000002,0,229.91262055140558,1023.7043781343147,-361.9423638025331,1],"castShadow":true,"layers":1,"hiddenMatrix":[0.9290258794751072,0,0,0,0,0.9290258794751072,0,0,0,0,0.9290258794751072,0,94.84200638788124,-48.6002689373542,118.18579159615086,1],"interaction":{"uuid":"8133ACB6-0A9F-4567-B214-F2E8F4BF2675"},"enableHelper":true,"color":16777215,"intensity":1,"shadow":{"mapSize":[1024,1024],"camera":{"uuid":"87CAA5AC-D6AE-4743-9D3F-2F61A48782F0","type":"OrthographicCamera","layers":1,"zoom":1,"left":-1250,"right":1250,"top":1250,"bottom":-1250,"near":1,"far":2500}}},{"uuid":"98980356-1505-4B95-AE36-D4F49BED65AC","objectType":"NonParametric","name":"man_in_suit","matrix":[1,-5.2041704279304205e-18,-1.7347234759768075e-18,0,-1.7347234759768063e-18,2.220446049250313e-16,-1,0,5.204170427930421e-18,1,2.220446049250313e-16,0,-579.9131469052085,-296.0181247236294,880.6032430766286,1],"layers":1,"userData":{"transformData":{"inheritType":1,"eulerOrder":"ZYX","preRotation":[-90,0,0],"parentMatrix":{"elements":[1,0,0,0,0,1,0,0,0,0,1,0,0,0,0,1]},"parentMatrixWorld":{"elements":[1,0,0,0,0,1,0,0,0,0,1,0,0,0,0,1]}}},"hiddenMatrix":[-3.2879473873980882,-0.086818814643715,0.4435206435903861,0,-0.015003677974734581,3.2762210631045403,0.5300910539539564,0,-0.4516890053058668,0.52314828610884,-3.246095963367624,0,-1511.1120319951453,-247.01456844777104,5517.947340322206,1],"interaction":{"uuid":"8ECF379F-F932-4D4E-9574-5EDA25DECA86"},"geometry":"CF50B4D0-9807-4280-AE3A-B94712977C4E","material":["EBB8F715-DEB4-4AC2-A879-E1631AAEFBAC","802E8E8A-DD4A-4A15-95F0-499575D430BB","06891A3B-17EC-4FD2-BBE8-93F748FE6E01","0CB24F4A-A384-4D8E-BCF9-1D7AE5AEEA86","3AC1BFD9-A1D9-41A3-8ABC-4A3FA3C8A0CE","FE926B17-7A5D-42BD-8CF8-50EC9E80A01E","B56BC406-0771-479E-9014-6EF0E4BB519C","DE49C523-5D81-4751-8D79-44B5F51A1D9E","778414C7-E6F8-4762-ADF7-4C335434947B","794A059D-3457-4ADC-8DC4-8E47443D8E39","A43503F3-CAC4-422F-8824-16D839438F6B","18503AB8-3781-4B33-84C5-E729DE981875","D1CF83FB-B4B6-4860-8A09-B43E961D5B95","CE636A29-001E-4766-BD9E-F731CD464131","AFCD04E5-130D-4CA4-A7C8-86520FCFCB7E"]},{"uuid":"8D37D171-FA52-48F1-8889-6964FF37C295","objectType":"EmptyObject","name":"Empty Object","matrix":[0.6095131499986662,0,0,0,0,0.6095131499986667,0,0,0,0,0.6095131499986662,0,-341.7994683521929,124.1038102104452,803.7493544772198,1],"layers":1,"children":[{"uuid":"2F33C56A-7691-42AB-BD72-14BE07F93196","objectType":"Mesh2D","name":"Rectangle 6","matrix":[0.9986669245516662,0.0036878833552519536,0.0514856613327051,0,0.051110011625749616,0.06888417313870299,-0.996314577531924,0,-0.007220839156477567,0.9976178477790758,0.06860385757755183,0,86.83093288914134,-209.8684154653434,1192.14097382452,1],"receiveShadow":true,"layers":1,"hiddenMatrix":[0.9989687596435629,0,-0.04540283312966718,0,0,1,0,0,0.04540283312966718,0,0.9989687596435629,0,-195.5586392365544,294.93696834591185,-1027.9837526685933,1],"interaction":{"uuid":"00B3A0A8-8F66-4076-BF0E-37FE51271320"},"geometry":"B4A98F64-6159-4B06-BA99-D8BFE16D3C48","material":"8C92C0D0-EB3B-4DE8-8315-369AA8B4E826"},{"uuid":"39A3B6D1-9E29-43DE-879D-4EABEE7AA602","objectType":"Mesh2D","name":"Rectangle 5","matrix":[0.9986669245516698,0.0036878833552513282,0.05148566133270461,0,0.051110011625748984,0.06888417313870321,-0.996314577531924,0,-0.007220839156476901,0.9976178477790758,0.06860385757755205,0,194.28723364703987,-371.9425933498556,1033.4635916274465,1],"castShadow":true,"receiveShadow":true,"layers":1,"hiddenMatrix":[0.9989687596435629,0,-0.04540283312966718,0,0,1,0,0,0.04540283312966718,0,0.9989687596435629,0,-195.5586392365544,294.93696834591185,-1027.9837526685933,1],"interaction":{"uuid":"0DCCA6AE-0680-47AF-940B-82CBA5F32EB7"},"geometry":"354EC7D7-4D26-4AC3-97EB-817816C2DBC8","material":"50CA978B-539D-46A9-8500-B20050B8B481"}],"hiddenMatrix":[1.3796281825621015,0,0,0,0,1.379628182562102,0,0,0,0,1.3796281825621015,0,474.62665975981713,-906.5321467312127,799.5129227614652,1],"interaction":{"uuid":"6085D841-3C7D-4B4A-B2D5-32F2A19FA668"},"enableHelper":true},{"uuid":"AF14806C-A703-4B5D-9155-3DB82F250172","objectType":"LightDirectional","name":"Directional Light 2","matrix":[1,0,0,0,0,1,0,0,0,0,1,0,-997.1835860309707,795.6120060527842,-223.72678842734604,1],"layers":1,"hiddenMatrix":[1,0,0,0,0,1,0,0,0,0,1,0,0,0,0,1],"interaction":{"uuid":"D772A608-9E3B-4843-B24F-8592A93FAB05"},"enableHelper":true,"color":16777215,"intensity":0.3,"shadow":{"mapSize":[1024,1024],"camera":{"uuid":"86414E34-422C-4546-821B-BFB3735F864C","type":"OrthographicCamera","layers":1,"zoom":1,"left":-1250,"right":1250,"top":1250,"bottom":-1250,"near":1,"far":2500}}},{"uuid":"853F778E-5B4A-40EA-8631-5987F1DCE415","objectType":"LightDirectional","name":"Directional Light","matrix":[1,0,0,0,0,1,0,0,0,0,1,0,2.707411731395041,1522.951268773179,1041.8621071608213,1],"layers":1,"hiddenMatrix":[1,0,0,0,0,1,0,0,0,0,1,0,0,0,0,1],"interaction":{"uuid":"302E8B74-ABD1-428F-BBCA-3A86CBC1A7EC"},"enableHelper":true,"color":16777215,"intensity":1.4,"shadow":{"mapSize":[1024,1024],"camera":{"uuid":"6DAEC936-B541-4191-A3EF-EE16D08F356F","type":"OrthographicCamera","layers":1,"zoom":1,"left":-1250,"right":1250,"top":1250,"bottom":-1250,"near":1,"far":2500}}},{"uuid":"6B426897-C4FC-4FCE-9BA8-AB5771DDEE21","objectType":"Mesh2D","name":"Rectangle 4","matrix":[1.0000000000000004,0,0,0,0,1.0000000000000007,0,0,0,0,0.9999999999999994,0,-527.0157553553051,551.389681511223,60.41255498027033,1],"castShadow":true,"receiveShadow":true,"layers":1,"userData":{"positionToCenter":{"x":0,"y":0,"z":0}},"hiddenMatrix":[1.3796281825621015,0,0,0,0,1.379628182562102,0,0,0,0,1.3796281825621015,0,474.62665975981713,-906.5321467312127,799.5129227614652,1],"interaction":{"uuid":"46BB83D5-0E16-4BF3-B33F-69FC3D9F3191"},"geometry":"1756F73F-1EAE-4BFB-9D01-626BD1D8B5F9","material":"90887CAB-6C88-4CAC-9E1E-9148D8F96508"},{"uuid":"3BB71654-13E4-4A83-A299-C466631C98D7","objectType":"EmptyObject","name":"Empty Object 4","matrix":[0.9999999999999997,0,0,0,0,0.9999999999999998,0,0,0,0,0.9999999999999996,0,-137.46618357523292,276.2617474861587,331.6938754967013,1],"layers":1,"children":[{"uuid":"F9647C46-B518-4BCE-856B-7B4BB737915E","objectType":"EmptyObject","name":"Girl-Boy","matrix":[1,0,0,0,0,1,0,0,0,0,1,0,-309.88060500312383,-164.64655994292087,134.24250124257063,1],"layers":1,"userData":{"positionToCenter":{"x":0,"y":0,"z":0}},"children":[{"uuid":"6A853E51-6004-4776-85EE-22243732254E","objectType":"Mesh3D","name":"Torus 5","matrix":[-0.990268068741569,-0.1391731009600653,0,0,0.1391731009600653,-0.990268068741569,0,0,0,0,0.9999999999999997,0,-324.7355924398622,-81.00079096386473,445.7553992022455,1],"castShadow":true,"receiveShadow":true,"layers":1,"userData":{"positionToCenter":{"x":0,"y":0,"z":0}},"hiddenMatrix":[0.8052631578947369,0,0,0,0,0.8052631578947369,0,0,0,0,0.7142857142857143,0,243.76664698870425,135.20591308553958,-300.09556881512947,1],"interaction":{"uuid":"3249CDF3-60AD-4D0D-AFC6-A3C63252B0D2"},"geometry":"37D77EB6-E6E9-4C17-B8D9-F51D22B1989B","material":"590AAC8C-4C68-4FF9-9909-B5D8C0D4D441"},{"uuid":"37E83D3C-6B60-468F-9A0E-19BE07A60032","objectType":"Mesh3D","name":"Torus 4","matrix":[0.979235988965195,-0.06847485084868699,-0.1908089953765448,0,0.06975647374412566,0.9975640502598241,-1.7347234759768069e-18,0,0.1903441942538341,-0.013310162676126941,0.9816271834476638,0,-316.0288666415091,-75.44256598700878,450.0014422557196,1],"castShadow":true,"receiveShadow":true,"layers":1,"userData":{"positionToCenter":{"x":0,"y":0,"z":0}},"hiddenMatrix":[0.8052631578947369,0,0,0,0,0.8052631578947369,0,0,0,0,0.7142857142857143,0,243.76664698870425,135.20591308553958,-300.09556881512947,1],"interaction":{"uuid":"F0F28CF4-E406-44B4-B0E6-E0783C67B252"},"geometry":"51831BA7-08CB-4FAC-896B-95EE0E0A1B45","material":"E6E3693F-CB80-4282-8C46-19BBC408855B"},{"uuid":"400AD72D-3A86-4E76-896C-B13FB653DB92","objectType":"Mesh3D","name":"Torus copy","matrix":[0.9975640502598241,-0.06975647374412565,0,0,0.06975647374412565,0.9975640502598241,0,0,0,0,0.9999999999999998,0,-333.4144875565418,-87.86086664060355,450.0014422557196,1],"castShadow":true,"receiveShadow":true,"layers":1,"userData":{"positionToCenter":{"x":0,"y":0,"z":0}},"hiddenMatrix":[0.8052631578947369,0,0,0,0,0.8052631578947369,0,0,0,0,0.7142857142857143,0,243.76664698870425,135.20591308553958,-300.09556881512947,1],"interaction":{"uuid":"A868EFF9-9351-40A2-AB65-028D30FADA37"},"geometry":"39259863-2D29-4729-91E0-A3627C01F6F5","material":"2C67F423-7A37-4CFA-B129-8A60ECC9AF6C"},{"uuid":"ABF385FD-6F7A-4668-B028-588D9A792528","objectType":"Mesh3D","name":"Torus 2","matrix":[0.4112765298440851,-0.8380909173434021,-0.35840651537869955,0,0.8367368595096799,0.5030941625503228,-0.21625839069425062,0,0.36155641874717864,-0.21094994163138306,0.908172383520018,0,-286.5179473814601,-78.37155147842383,173.56369254281282,1],"castShadow":true,"receiveShadow":true,"layers":1,"userData":{"positionToCenter":{"x":0,"y":0,"z":0}},"hiddenMatrix":[0.8,0,0,0,0,0.8,0,0,0,0,0.8571428571428571,0,252.7890712071636,149.67809550841378,-108.67107267114204,1],"interaction":{"uuid":"BED9F67A-3385-4DC8-A288-8BC357ABAAA0"},"geometry":"D0EBDDA4-AFBC-49CC-876A-5B0BB65DF71C","material":"DC78280B-7A18-4172-9965-6F9547CC9EC3"},{"uuid":"4E45305B-A8BE-4C2B-99B7-C4BD5F21E739","objectType":"Mesh3D","name":"Torus 3","matrix":[-0.5446390350150274,0.8386705679454239,0,0,-0.8386705679454239,-0.5446390350150274,0,0,0,0,0.9999999999999994,0,-293.3305989749295,-89.41942763096634,167.30149770856502,1],"castShadow":true,"receiveShadow":true,"layers":1,"userData":{"positionToCenter":{"x":0,"y":0,"z":0}},"hiddenMatrix":[0.8052631578947369,0,0,0,0,0.8052631578947369,0,0,0,0,0.7142857142857143,0,249.7451529760743,150.0322484072261,-83.24250124257064,1],"interaction":{"uuid":"2F512A1C-992D-44E9-B8CE-D1C924A563B2"},"geometry":"09AE6BB3-D142-47F6-AC62-0F73272BC911","material":"4ED0691D-AC3B-41B0-A926-99D83DED4DF7"},{"uuid":"55BB7890-440C-4A99-868E-222A59C4A89F","objectType":"Mesh3D","name":"Torus","matrix":[0.6605423612186105,-0.7365856301804251,0.1453457892319176,0,0.6452448458308206,0.6559221387154817,0.39169533680102475,0,-0.3838526774226056,-0.16494774128376014,0.9085424396696513,0,-308.4772029027449,-78.50975425657,172.87643105137533,1],"castShadow":true,"receiveShadow":true,"layers":1,"userData":{"positionToCenter":{"x":0,"y":0,"z":0}},"hiddenMatrix":[0.8052631578947369,0,0,0,0,0.8052631578947369,0,0,0,0,0.7142857142857143,0,249.7451529760743,150.0322484072261,-83.24250124257064,1],"interaction":{"uuid":"2AD50D20-3344-43A5-AE88-0CB2B46B54CD"},"geometry":"6C5249F3-DC2C-4B2B-B50D-8362BD058096","material":"D4D31E96-CC3D-4F12-A9EF-F850B0E37C9A"},{"uuid":"3633CFF6-0BA9-4F33-BCAA-DABB124FA701","objectType":"Mesh3D","name":"Sphere 27","matrix":[1,0,0,0,0,0.9335804264972017,0.3583679495453003,0,0,-0.3583679495453003,0.9335804264972017,0,-298.15733447953113,-83.75361131667105,176.58810350458717,1],"castShadow":true,"receiveShadow":true,"layers":1,"userData":{"positionToCenter":{"x":0,"y":0,"z":0}},"hiddenMatrix":[0.8,0,0,0,0,0.8,0,0,0,0,0.8571428571428571,0,252.7890712071636,149.67809550841378,-108.67107267114204,1],"interaction":{"uuid":"A63F1A69-E770-4D1B-85BC-2A7197AF42A6"},"geometry":"9F85BFA8-164D-45B8-A859-E5840A35BEB9","material":"73F12BE5-D1BE-4B0C-8D6F-296FA0D4FC33"},{"uuid":"CDC9C8A4-8ADF-4610-BEDA-0EAB436DCC1A","objectType":"Mesh3D","name":"Sphere 23","matrix":[0.9510565162951535,0,-0.3090169943749475,0,0,1,0,0,0.3090169943749475,0,0.9510565162951535,0,-286.2518025738239,-75.63124007400435,175.56369254281284,1],"castShadow":true,"receiveShadow":true,"layers":1,"userData":{"positionToCenter":{"x":0,"y":0,"z":0}},"hiddenMatrix":[0.8,0,0,0,0,0.8,0,0,0,0,0.8571428571428571,0,252.7890712071636,149.67809550841378,-108.67107267114204,1],"interaction":{"uuid":"80679871-9653-41A0-9C7C-D8BF8C5394D9"},"geometry":"10A82473-ACEA-47ED-802F-5C1E00074C73","material":"0F29B2E3-9050-407A-B847-B025D07BA7B7"},{"uuid":"6BA7044A-36D3-41AB-A6E3-E7322B7B9B0C","objectType":"Mesh3D","name":"Sphere 22","matrix":[0.9848077530122072,0,0.17364817766693053,0,0,0.9999999999999999,0,0,-0.1736481776669305,0,0.984807753012207,0,-308.74837648443344,-76.04899906193539,174.37643105137542,1],"castShadow":true,"receiveShadow":true,"layers":1,"userData":{"positionToCenter":{"x":0,"y":0,"z":0}},"hiddenMatrix":[0.8052631578947369,0,0,0,0,0.8052631578947369,0,0,0,0,0.7142857142857143,0,249.7451529760743,150.0322484072261,-83.24250124257064,1],"interaction":{"uuid":"D3A48E57-59DB-49F6-B147-AB785F5F833E"},"geometry":"16174EF3-21D2-4E33-96B6-FEEBFF895227","material":"0A69211D-9E57-4980-877E-E4F9FDECB907"},{"uuid":"1655A445-BED8-4EA2-ABEF-9B12E78C48C4","objectType":"Mesh3D","name":"Sphere 26","matrix":[0.8386705679454236,-0.5433123216991926,0.03799209854605083,0,2.2204460492503126e-16,0.06975647374412451,0.9975640502598241,0,-0.5446390350150272,-0.8366276085933443,0.05850270145285508,0,-275.0176827208495,-59.64515550823353,145.43980855648073,1],"castShadow":true,"receiveShadow":true,"layers":1,"userData":{"positionToCenter":{"x":0,"y":0,"z":0}},"hiddenMatrix":[0.5194388788353613,0.9370925433636382,0,0,-0.9579168221050526,0.5309819650317027,0,0,0,0,0.6923076923076923,0,122.40284409558444,386.14028383245034,-78.27930111431866,1],"interaction":{"uuid":"593D297A-48F8-429A-A8DB-6F540F1D7249"},"geometry":"9C72EE3F-E03A-4EC2-93C1-A2742081F789","material":"512E4E81-57E7-466F-A993-411A59612DD9"},{"uuid":"DB33B2B1-97FB-46BF-A440-E31C287CBAB7","objectType":"Mesh3D","name":"Sphere 26","matrix":[0.9986298555233398,0.035986276627352036,0.03799209854605103,0,-0.040010669622570244,0.05714115806989084,0.9975640502598244,0,0.03372770335772497,-0.9977173326894404,0.058502701452854744,0,-267.4480047112205,-53.136494386948755,144.0183022933415,1],"castShadow":true,"receiveShadow":true,"layers":1,"userData":{"positionToCenter":{"x":0,"y":0,"z":0}},"hiddenMatrix":[0.5194388788353613,0.9370925433636382,0,0,-0.9579168221050526,0.5309819650317027,0,0,0,0,0.6923076923076923,0,122.40284409558444,386.14028383245034,-78.27930111431866,1],"interaction":{"uuid":"291CA9BF-A86D-4CDC-AE7E-5E144A038B6D"},"geometry":"9E426F52-89EB-48DE-A943-9758B1CE59DE","material":"E9FEDEDB-A7E9-4717-A338-E0DEE5FF913A"},{"uuid":"275105CE-9792-4EF9-9DC7-27D8DFCEF94E","objectType":"Mesh3D","name":"Sphere 25","matrix":[0.8386705679454236,-0.5433123216991926,0.03799209854605083,0,2.2204460492503126e-16,0.06975647374412451,0.9975640502598241,0,-0.5446390350150272,-0.8366276085933443,0.05850270145285508,0,-317.9284097031427,-58.55765427338932,144.89051014979322,1],"castShadow":true,"receiveShadow":true,"layers":1,"userData":{"positionToCenter":{"x":0,"y":0,"z":0}},"hiddenMatrix":[1.0714285714285714,0,0,0,0,1.0952380952380953,0,0,0,0,0.6923076923076923,0,330.18280002737527,169.66906316784468,-78.27930111431866,1],"interaction":{"uuid":"1030139E-F32E-4DAA-A201-8A8594026465"},"geometry":"048885A0-4931-48E0-892A-7564B64CDCED","material":"0963F3C7-9BBC-4465-8EC5-ED25088F29C4"},{"uuid":"ADE2C952-3D9E-40D3-BE75-A97EEA3223D8","objectType":"Mesh3D","name":"Sphere 24","matrix":[0.8386705679454236,-0.5433123216991926,0.03799209854605083,0,2.2204460492503126e-16,0.06975647374412451,0.9975640502598241,0,-0.5446390350150272,-0.8366276085933443,0.05850270145285508,0,-316.061743036476,-65.86200209947627,144.8905101497932,1],"castShadow":true,"receiveShadow":true,"layers":1,"userData":{"positionToCenter":{"x":0,"y":0,"z":0}},"hiddenMatrix":[1.0714285714285714,0,0,0,0,1.0952380952380953,0,0,0,0,0.6923076923076923,0,330.18280002737527,169.66906316784468,-78.27930111431866,1],"interaction":{"uuid":"D22DB74F-25BF-4105-9D51-676A696B9A56"},"geometry":"1D819A6A-EA70-4F46-B8E7-099014616D5C","material":"C24E7E59-0403-4079-AB32-283603F52ACD"},{"uuid":"67CD8CC3-132D-4E2A-A27E-C1F8DEF0F6BD","objectType":"Mesh3D","name":"Sphere 7","matrix":[0.8386705679454239,-0.5433123216991929,0.03799209854605107,0,0,0.06975647374412453,0.9975640502598243,0,-0.5446390350150273,-0.8366276085933445,0.05850270145285498,0,-303.23073033952005,-63.211995861699705,175.0543630770835,1],"castShadow":true,"receiveShadow":true,"layers":1,"userData":{"positionToCenter":{"x":0,"y":0,"z":0}},"hiddenMatrix":[1.0714285714285714,0,0,0,0,1.0952380952380953,0,0,0,0,0.6923076923076923,0,330.18280002737527,169.66906316784468,-78.27930111431866,1],"interaction":{"uuid":"6000B675-8412-4D8A-81FF-A81FD3946AFF"},"geometry":"A8B7D42C-2CBF-4EA3-B8CB-C61345050112","material":"36AAC49E-6CA0-4B27-856A-E4BA00FF521D"},{"uuid":"20FAED20-D0A0-472F-B446-CC55F5B62B00","objectType":"Mesh3D","name":"Sphere 6","matrix":[0.8386705679454239,-0.5433123216991929,0.03799209854605107,0,0,0.06975647374412453,0.9975640502598243,0,-0.5446390350150273,-0.8366276085933445,0.05850270145285498,0,-293.23073033952005,-63.260571861699674,175.0543630770835,1],"castShadow":true,"receiveShadow":true,"layers":1,"userData":{"positionToCenter":{"x":0,"y":0,"z":0}},"hiddenMatrix":[1.0714285714285714,0,0,0,0,1.0952380952380953,0,0,0,0,0.6923076923076923,0,330.18280002737527,169.66906316784468,-78.27930111431866,1],"interaction":{"uuid":"AD762803-AFF8-4354-A233-08C672F0B9FA"},"geometry":"72C80C38-5FDA-45C8-8467-2D122D39A64C","material":"A9F51BBA-F7A0-47B0-AF9B-78D2EA5DB497"},{"uuid":"F1E8B6B6-A17C-4599-9EAD-6980ECBA6B6F","objectType":"Mesh3D","name":"Sphere 5","matrix":[1,0,0,0,0,1,0,0,0,0,1,0,-299.79394531249983,-56.451424,158.00907432706663,1],"castShadow":true,"receiveShadow":true,"layers":1,"userData":{"positionToCenter":{"x":0,"y":0,"z":0}},"hiddenMatrix":[1,0,0,0,0,1,0,0,0,0,1,0,309.88060500312383,164.64655994292087,-134.24250124257063,1],"interaction":{"uuid":"5614CDC4-5E5C-4C84-91C3-044C359B5007"},"geometry":"6601EA9D-CAE0-4F2E-9A44-879E092A51B4","material":"C63BCB09-3E7D-4C6F-8FA3-92CEFA5D325C"},{"uuid":"1F242259-1960-4862-A410-11298C32660D","objectType":"Mesh3D","name":"Sphere 2","matrix":[1,0,0,0,0,1,0,0,0,0,1,0,-296.29394531249983,-64.951424,148.7232891621352,1],"castShadow":true,"receiveShadow":true,"layers":1,"userData":{"positionToCenter":{"x":0,"y":0,"z":0}},"hiddenMatrix":[1,0,0,0,0,1,0,0,0,0,1,0,309.88060500312383,164.64655994292087,-134.24250124257063,1],"interaction":{"uuid":"4BBC9C01-5EDA-4023-98B4-7F6E5BE5DCE3"},"geometry":"1470CDE3-8CF4-492C-ACE7-0939A8834FC1","material":"AEA51EE8-C149-42DB-80AF-22D368C9E9BC"},{"uuid":"BC1852A8-2F60-4FCC-BD8D-B79B8EFA6510","objectType":"Mesh3D","name":"Sphere 4","matrix":[0.8290375725550416,0.5591929034707469,0,0,-0.5591929034707469,0.8290375725550416,0,0,0,0,1,0,-334.5855454721649,-83.65268027912387,138.98705736437546,1],"castShadow":true,"receiveShadow":true,"layers":1,"userData":{"positionToCenter":{"x":0,"y":0,"z":0}},"hiddenMatrix":[1,0,0,0,0,1,0,0,0,0,1,0,309.88060500312383,164.64655994292087,-134.24250124257063,1],"interaction":{"uuid":"4351492A-8B37-48FC-9D5F-C6188C5C5EA2"},"geometry":"C85EE5CB-25A5-4265-B81E-1FD2C60A43D4","material":"BD2CEDF5-BD0B-41C5-B7FE-1A0B25FA1DDD"},{"uuid":"641A7C3D-6E83-432D-BF0E-E42F1252900B","objectType":"Mesh3D","name":"Sphere 3","matrix":[0.8290375725550416,0.5591929034707469,0,0,-0.5591929034707469,0.8290375725550416,0,0,0,0,1,0,-329.9193919514739,-88.90090451626449,139.48705736437546,1],"castShadow":true,"receiveShadow":true,"layers":1,"userData":{"positionToCenter":{"x":0,"y":0,"z":0}},"hiddenMatrix":[1,0,0,0,0,1,0,0,0,0,1,0,309.88060500312383,164.64655994292087,-134.24250124257063,1],"interaction":{"uuid":"6A504D11-C821-45FE-AF56-2F97203F88F9"},"geometry":"D6085500-75C1-4353-9A40-167EAC525E7B","material":"90F77DFC-8AFF-44BC-80B7-EC8068B94888"},{"uuid":"C6173C46-854F-4701-9C88-BC0D28BE5D9E","objectType":"Mesh3D","name":"Sphere","matrix":[1,0,0,0,0,0.9612616959383189,0.27563735581699916,0,0,-0.27563735581699916,0.9612616959383189,0,-296.2939453124999,-72.951424,155,1],"castShadow":true,"receiveShadow":true,"layers":1,"userData":{"positionToCenter":{"x":0,"y":0,"z":0}},"hiddenMatrix":[1,0,0,0,0,1,0,0,0,0,1,0,309.88060500312383,164.64655994292087,-134.24250124257063,1],"interaction":{"uuid":"81D35453-F83E-46B1-950D-DF49E52EBD8A"},"geometry":"A01F2070-9E89-4099-8593-D96ACA046596","material":"36077A38-9912-44B2-AA07-E53FE2E3FF7C"},{"uuid":"347070DD-A299-47B6-834C-6C2A946BB756","objectType":"Mesh3D","name":"Cylinder 11","matrix":[0.9999999999999998,0,0,0,0,0.9876883405951375,0.15643446504023087,0,0,-0.15643446504023087,0.9876883405951375,0,-359.4090300519901,-114.17272146972294,126.35656109451881,1],"castShadow":true,"receiveShadow":true,"layers":1,"userData":{"positionToCenter":{"x":0,"y":0,"z":0}},"hiddenMatrix":[0.7777777777777778,0,0,0,0,0.7954545454545454,0,0,0,0,0.782608695652174,0,252.8130541540328,133.38800728355176,-104.82536909552087,1],"interaction":{"uuid":"FD4FE483-A1D9-4505-9FF4-AD892281641D"},"geometry":"56675A4E-FA64-417D-B619-D7C8F725164E","material":"9D1FEB7B-06BB-4533-A2C0-F37996AD2981"},{"uuid":"A3494051-1768-4A83-ABCA-88B479DD3D8B","objectType":"Mesh3D","name":"Cylinder 11","matrix":[0.9999999999999997,0,0,0,0,0.9876883405951375,0.1564344650402308,0,0,-0.15643446504023079,0.9876883405951374,0,-359.4790314087901,-134.15017386664607,122.99671578260191,1],"castShadow":true,"receiveShadow":true,"layers":1,"userData":{"positionToCenter":{"x":0,"y":0,"z":0}},"hiddenMatrix":[0.7777777777777778,0,0,0,0,0.7954545454545454,0,0,0,0,0.782608695652174,0,252.8130541540328,133.38800728355176,-104.82536909552087,1],"interaction":{"uuid":"87D7BFFB-5CD0-465E-A2E3-143463C6A158"},"geometry":"1033F91C-BACC-415C-99B8-196D4343C393","material":"296FCC9C-50DA-404A-9CB2-BD98CCBB8834"},{"uuid":"2559227C-929E-48EA-AD3A-F7E061346C3A","objectType":"Mesh3D","name":"Cylinder 8","matrix":[1,3.5377098011676695e-18,-5.943103411321839e-19,0,-3.401184102739559e-18,0.9876883405951375,0.15643446504023095,0,1.140413134844623e-18,-0.15643446504023095,0.9876883405951375,0,-323.2439416493153,-106.36451843338575,135.16974527258145,1],"castShadow":true,"receiveShadow":true,"layers":1,"userData":{"positionToCenter":{"x":0,"y":0,"z":0}},"hiddenMatrix":[0.9986295347545738,-0.052335956242943855,0,0,0.052335956242943855,0.9986295347545738,0,0,0,0,1,0,315.19434354934685,151.56871242526188,-134.24250124257063,1],"interaction":{"uuid":"8175301A-5A6E-4C0D-BD65-0FE8539816CF"},"geometry":"23381D90-87B1-4BBA-9CA9-DC84E9F4684A","material":"E48972FA-F879-4243-B52C-58821C5F044F"},{"uuid":"AD69A2CD-4BA2-44A3-B90F-8DB3C1309671","objectType":"Mesh3D","name":"Cylinder 10","matrix":[1,3.537709801167669e-18,-5.9431034113218405e-19,0,-3.4011841027395593e-18,0.9876883405951378,0.1564344650402309,0,1.140413134844623e-18,-0.1564344650402309,0.9876883405951378,0,-323.3139430061152,-121.47064579338483,132.6187853048723,1],"castShadow":true,"receiveShadow":true,"layers":1,"userData":{"positionToCenter":{"x":0,"y":0,"z":0}},"hiddenMatrix":[0.9986295347545738,-0.052335956242943855,0,0,0.052335956242943855,0.9986295347545738,0,0,0,0,1,0,315.19434354934685,151.56871242526188,-134.24250124257063,1],"interaction":{"uuid":"65A424F1-415F-4C20-8CC3-5E57E25C7506"},"geometry":"F33815ED-3119-492C-A6CC-24B29B7EF6D0","material":"B58447FF-667A-4B08-AEEA-53C0F7F214B3"},{"uuid":"DDD0049F-A994-4707-9C38-8FD607952752","objectType":"Mesh3D","name":"Cylinder 21","matrix":[-0.7638482051178167,-0.5377378003200429,-0.35689491120672223,0,0.5967836234915035,-0.377945007525955,-0.7078183933881336,0,0.24573405598460168,-0.7536548476545272,0.609605728595285,0,-319.9920674056285,-112.93305191870309,126.83088033693213,1],"castShadow":true,"receiveShadow":true,"layers":1,"userData":{"positionToCenter":{"x":0,"y":0,"z":0}},"hiddenMatrix":[0.9945218953682733,0.10452846326765353,0,0,-0.10452846326765353,0.9945218953682733,0,0,0,0,1,0,297.5587618197032,184.75999826538794,-134.24250124257063,1],"interaction":{"uuid":"FE8A00FB-B7BB-4B72-A37D-5938E8563B3E"},"geometry":"A3F5C6F0-6924-4739-80CF-7769486ED274","material":"75486927-2315-4855-98DE-C53EC543EC89"},{"uuid":"B6589704-469A-40B5-97BB-A15D50FC43C0","objectType":"Mesh3D","name":"Cylinder 20","matrix":[0.515038074910053,-0.8474679489795415,-0.12858404584300764,0,0.7496954135095488,0.3726386973740252,0.5468977858632613,0,-0.41556295354096995,-0.3780720522225887,0.8272659517788138,0,-280.6507170313923,-117.6296960244752,127.67500401790505,1],"castShadow":true,"receiveShadow":true,"layers":1,"userData":{"positionToCenter":{"x":0,"y":0,"z":0}},"hiddenMatrix":[0.9945218953682733,0.10452846326765353,0,0,-0.10452846326765353,0.9945218953682733,0,0,0,0,1,0,297.5587618197032,184.75999826538794,-134.24250124257063,1],"interaction":{"uuid":"AA2C41C8-470F-42AC-945C-A66EF4A27FB8"},"geometry":"F3686DFE-1A62-4F35-A4F0-0DB9C0BFB36C","material":"CF88476F-E1D2-4B8A-9DBA-D2AB2314B633"},{"uuid":"E73C8011-9349-4A24-99E6-7939A5AF1FCE","objectType":"Mesh3D","name":"Cylinder 9","matrix":[1.0000000000000002,0,0,0,0,0.9876883405951378,0.1564344650402309,0,0,-0.1564344650402309,0.9876883405951378,0,-273.9305536346133,-109.50284034976626,132.6187853048723,1],"castShadow":true,"receiveShadow":true,"layers":1,"userData":{"positionToCenter":{"x":0,"y":0,"z":0}},"hiddenMatrix":[0.9945218953682733,0.10452846326765353,0,0,-0.10452846326765353,0.9945218953682733,0,0,0,0,1,0,297.5587618197032,184.75999826538794,-134.24250124257063,1],"interaction":{"uuid":"194F867B-7A5B-4608-8CC0-51157AF54CA0"},"geometry":"B3ECD07E-A514-43E2-9525-10576E75E802","material":"96FB26C0-FC13-4CC5-8704-7266DA7E36CE"},{"uuid":"AD314237-5743-4E1B-A41F-2BBE60F7F215","objectType":"EmptyObject","name":"Empty Object 2","matrix":[1,0,0,0,0,1,0,0,0,0,1,0,-313.63768582451644,-270.3416958858418,136.7699149191369,1],"layers":1,"userData":{"positionToCenter":{"x":0,"y":0,"z":0}},"children":[{"uuid":"FCC0A8C6-95AE-49C6-993B-6EED124D8A9A","objectType":"Mesh3D","name":"Cylinder 17","matrix":[1,0,0,0,0,1.0000000000000009,0,0,0,0,1,0,-208.4869289920166,-281.8430994889333,136.76991491913688,1],"castShadow":true,"receiveShadow":true,"layers":1,"userData":{"positionToCenter":{"x":0,"y":0,"z":0}},"hiddenMatrix":[1,0,0,0,0,1,0,0,0,0,1,0,208.4869289920166,270.3416958858417,-136.76991491913688,1],"interaction":{"uuid":"F81858E3-C41A-481B-AD7A-9CEFED5AAD82"},"geometry":"01E2E074-42B8-4771-976E-D40E7F308540","material":"BF5FADCB-95E9-434D-8661-112593C68621"},{"uuid":"7BBB6907-7853-4CD3-9A15-42793A4A90B7","objectType":"Mesh3D","name":"Cylinder 16","matrix":[1,0,0,0,0,1.0000000000000009,0,0,0,0,1,0,-208.4869289920166,-286.3416958858417,136.76991491913688,1],"castShadow":true,"receiveShadow":true,"layers":1,"userData":{"positionToCenter":{"x":0,"y":0,"z":0}},"hiddenMatrix":[1,0,0,0,0,1,0,0,0,0,1,0,208.4869289920166,270.3416958858417,-136.76991491913688,1],"interaction":{"uuid":"5F762BE1-F2EE-4C2F-81E8-98AFB8B12B5C"},"geometry":"9FE7E8A2-721E-4219-B5A4-F8E047A7CF5D","material":"0DFCD92A-9F73-4E6A-8DB4-39674FDDF7A5"},{"uuid":"2436A8C9-835D-4A45-9D43-4322A0849A37","objectType":"Mesh3D","name":"Cylinder 15","matrix":[1,0,0,0,0,1.0000000000000009,0,0,0,0,1,0,-208.4869289920166,-270.3416958858417,128.76991491913688,1],"castShadow":true,"receiveShadow":true,"layers":1,"userData":{"positionToCenter":{"x":0,"y":0,"z":0}},"hiddenMatrix":[1,0,0,0,0,1,0,0,0,0,1,0,208.4869289920166,270.3416958858417,-136.76991491913688,1],"interaction":{"uuid":"B89D04C9-F9D5-4A02-85AD-A3096CD96ABD"},"geometry":"3ADB3D6E-27E0-4F21-A5F3-FB9C99C0C9F1","material":"1274D206-FD21-4894-9BC9-537F42E0A0CA"}],"hiddenMatrix":[1,0,0,0,0,1,0,0,0,0,1,0,309.88060500312383,164.64655994292087,-134.24250124257063,1],"interaction":{"uuid":"25DEB6E3-1B15-4CC2-A21E-7D506D215924"},"enableHelper":true},{"uuid":"BB73F51B-8068-4EAD-803E-A99C6599D2E9","objectType":"EmptyObject","name":"Empty Object 5","matrix":[0.5647083020352408,-0.24189601405819122,0.09710259322829623,0,0.24591747395850697,0.575460112256264,0.0033971105549155606,0,-0.08995400735560548,0.03484041898055203,0.6099274104381361,0,-327.93159602161245,-146.8536377090381,146.7690462292132,1],"layers":1,"userData":{"positionToCenter":{"x":0,"y":0,"z":0}},"children":[{"uuid":"BA3AD419-EA79-440A-A5A2-E86141EAFD4B","objectType":"Mesh3D","name":"Cylinder 17","matrix":[1,0,0,0,0,1.0000000000000009,0,0,0,0,1,0,-208.4869289920166,-281.8430994889333,136.76991491913688,1],"castShadow":true,"receiveShadow":true,"layers":1,"userData":{"positionToCenter":{"x":0,"y":0,"z":0}},"hiddenMatrix":[1,0,0,0,0,1,0,0,0,0,1,0,208.4869289920166,270.3416958858417,-136.76991491913688,1],"interaction":{"uuid":"0AA390AF-B440-49BE-BB8F-4E8F3AC5D7AC"},"geometry":"3C4B0833-2D81-4740-B4C8-2F69F96A8854","material":"D1ACFADF-BCCF-4431-BCEA-D9F0FEB92D3E"},{"uuid":"35215897-1717-4BD2-8D87-66A3962539BA","objectType":"Mesh3D","name":"Cylinder 16","matrix":[1,0,0,0,0,1.0000000000000009,0,0,0,0,1,0,-208.4869289920166,-286.3416958858417,136.76991491913688,1],"castShadow":true,"receiveShadow":true,"layers":1,"userData":{"positionToCenter":{"x":0,"y":0,"z":0}},"hiddenMatrix":[1,0,0,0,0,1,0,0,0,0,1,0,208.4869289920166,270.3416958858417,-136.76991491913688,1],"interaction":{"uuid":"2D22810F-3CA1-4D2B-AA4D-697D9840E5D8"},"geometry":"50AD3F8B-B245-4EFE-B109-3AECC1C338F3","material":"26C7BA9E-D8EC-4FE8-97E9-95BD507AD87D"},{"uuid":"1B6E86C4-BFE9-478C-AA52-3E3D68F42C85","objectType":"Mesh3D","name":"Cylinder 15","matrix":[1,0,0,0,0,1.0000000000000009,0,0,0,0,1,0,-208.4869289920166,-270.3416958858417,128.76991491913688,1],"castShadow":true,"receiveShadow":true,"layers":1,"userData":{"positionToCenter":{"x":0,"y":0,"z":0}},"hiddenMatrix":[1,0,0,0,0,1,0,0,0,0,1,0,208.4869289920166,270.3416958858417,-136.76991491913688,1],"interaction":{"uuid":"7A288285-2A45-4895-82F4-6111EB5D5371"},"geometry":"B9956379-7D8A-4E9E-92F5-840EC99D9374","material":"7C70B143-C2B7-45E7-90E7-D72CE34BC639"}],"hiddenMatrix":[1,0,0,0,0,1,0,0,0,0,1,0,309.88060500312383,164.64655994292087,-134.24250124257063,1],"interaction":{"uuid":"A26EE63D-9367-440A-BFC6-2D484D2164E5"},"enableHelper":true},{"uuid":"E814682C-E0E8-4654-84E3-45DA910D1646","objectType":"EmptyObject","name":"Empty Object 4","matrix":[0.5337863210987926,0.2949447704508671,-0.12213847636157628,0,-0.3023176338550518,0.5479429494049414,0.0019640809413855923,0,0.1070939998288178,0.05691685445966471,0.6054819329401383,0,-266.85524815237335,-146.43266294185057,148.28950998966315,1],"layers":1,"userData":{"positionToCenter":{"x":0,"y":0,"z":0}},"children":[{"uuid":"004C46BE-7D37-4D68-BA93-E74BFC0F5FDD","objectType":"Mesh3D","name":"Cylinder 17","matrix":[1,0,0,0,0,1.0000000000000009,0,0,0,0,1,0,-208.4869289920166,-281.8430994889333,136.76991491913688,1],"castShadow":true,"receiveShadow":true,"layers":1,"userData":{"positionToCenter":{"x":0,"y":0,"z":0}},"hiddenMatrix":[1,0,0,0,0,1,0,0,0,0,1,0,208.4869289920166,270.3416958858417,-136.76991491913688,1],"interaction":{"uuid":"35246C8C-A6D2-4002-B862-B9F209EB5974"},"geometry":"99446698-F62E-4743-BD5D-04652469E4B4","material":"CAA94D94-4DDE-4D39-8DB0-58CB3E001DED"},{"uuid":"41173DE8-27DC-4AF9-94B1-00DB2A369337","objectType":"Mesh3D","name":"Cylinder 16","matrix":[1,0,0,0,0,1.0000000000000009,0,0,0,0,1,0,-208.4869289920166,-286.3416958858417,136.76991491913688,1],"castShadow":true,"receiveShadow":true,"layers":1,"userData":{"positionToCenter":{"x":0,"y":0,"z":0}},"hiddenMatrix":[1,0,0,0,0,1,0,0,0,0,1,0,208.4869289920166,270.3416958858417,-136.76991491913688,1],"interaction":{"uuid":"0F91BB64-573B-43FF-AFF3-040C04FF2071"},"geometry":"CFA087EE-8658-4BD9-A01D-0AA750F2D156","material":"F76C6058-916A-4162-B4A1-B98064552250"},{"uuid":"15BD398F-15EC-48A3-8E6A-C02B99F7AE44","objectType":"Mesh3D","name":"Cylinder 15","matrix":[1,0,0,0,0,1.0000000000000009,0,0,0,0,1,0,-208.4869289920166,-270.3416958858417,128.76991491913688,1],"castShadow":true,"receiveShadow":true,"layers":1,"userData":{"positionToCenter":{"x":0,"y":0,"z":0}},"hiddenMatrix":[1,0,0,0,0,1,0,0,0,0,1,0,208.4869289920166,270.3416958858417,-136.76991491913688,1],"interaction":{"uuid":"44A0044D-153E-4F03-8DEC-E528D9CBE1C6"},"geometry":"6B5EF248-43F1-429B-A5D6-8CA15F9DD095","material":"8CB85250-597D-44C1-B983-860D084E8FC8"}],"hiddenMatrix":[1,0,0,0,0,1,0,0,0,0,1,0,309.88060500312383,164.64655994292087,-134.24250124257063,1],"interaction":{"uuid":"3C2D1288-1DF4-41E2-BFC4-0C756E5A6AA0"},"enableHelper":true},{"uuid":"72CE2E24-3F92-4691-96A8-CB9E2A1B0D9A","objectType":"EmptyObject","name":"Empty Object","matrix":[1,0,0,0,0,1,0,0,0,0,1,0,-284.78087430451643,-270.3416958858418,136.7699149191369,1],"layers":1,"userData":{"positionToCenter":{"x":0,"y":0,"z":0}},"children":[{"uuid":"9342F07A-FADD-47EC-A446-96C4163DD3A3","objectType":"Mesh3D","name":"Cylinder 17","matrix":[1,0,0,0,0,1.0000000000000009,0,0,0,0,1,0,-208.4869289920166,-281.8430994889333,136.76991491913688,1],"castShadow":true,"receiveShadow":true,"layers":1,"userData":{"positionToCenter":{"x":0,"y":0,"z":0}},"hiddenMatrix":[1,0,0,0,0,1,0,0,0,0,1,0,208.4869289920166,270.3416958858417,-136.76991491913688,1],"interaction":{"uuid":"2441EDF5-7700-4E6A-803D-723F9A163D18"},"geometry":"C82023D3-7413-418F-B5D9-A88758387924","material":"78BF5D35-A140-4FD9-8F11-A82B3E1A56ED"},{"uuid":"78817A76-4BB7-4F7F-838F-21AB1446CFDE","objectType":"Mesh3D","name":"Cylinder 16","matrix":[1,0,0,0,0,1.0000000000000009,0,0,0,0,1,0,-208.4869289920166,-286.3416958858417,136.76991491913688,1],"castShadow":true,"receiveShadow":true,"layers":1,"userData":{"positionToCenter":{"x":0,"y":0,"z":0}},"hiddenMatrix":[1,0,0,0,0,1,0,0,0,0,1,0,208.4869289920166,270.3416958858417,-136.76991491913688,1],"interaction":{"uuid":"CE96DC12-C4A0-48AE-AA07-7249DD970209"},"geometry":"7E915452-B50A-4036-AECF-0793DA4A0AC8","material":"9075EE2D-65ED-4B7C-9B66-775CC2FDD2C1"},{"uuid":"E1FDAAD2-F75A-46C1-B5FF-9989F15FB8B0","objectType":"Mesh3D","name":"Cylinder 15","matrix":[1,0,0,0,0,1.0000000000000009,0,0,0,0,1,0,-208.4869289920166,-270.3416958858417,128.76991491913688,1],"castShadow":true,"receiveShadow":true,"layers":1,"userData":{"positionToCenter":{"x":0,"y":0,"z":0}},"hiddenMatrix":[1,0,0,0,0,1,0,0,0,0,1,0,208.4869289920166,270.3416958858417,-136.76991491913688,1],"interaction":{"uuid":"2B26FC2C-800B-4D5C-BE65-52AFE6BF0600"},"geometry":"00E8C3C2-54F7-484B-8900-DDEC4B027A82","material":"A54B1C1F-34C1-4E67-97F7-41D478DABE8F"}],"hiddenMatrix":[1,0,0,0,0,1,0,0,0,0,1,0,309.88060500312383,164.64655994292087,-134.24250124257063,1],"interaction":{"uuid":"B91ACC50-900D-45B7-85A9-1245D7B9F719"},"enableHelper":true},{"uuid":"A4A1D5DD-2A1E-43D3-B956-AF73F63843DB","objectType":"Mesh3D","name":"Cylinder 15","matrix":[0.9986258129742164,-0.05126536432221031,-0.010878790488674881,0,0.05233576119270036,0.9863607729073859,0.15605573930466915,0,0.002730157864681134,-0.15641063931349813,0.9876883405951375,0,-312.69867191902864,-230.83312644175945,133.84765165773263,1],"castShadow":true,"receiveShadow":true,"layers":1,"userData":{"positionToCenter":{"x":0,"y":0,"z":0}},"hiddenMatrix":[1,0,0,0,0,1,0,0,0,0,1,0,309.88060500312383,164.64655994292087,-134.24250124257063,1],"interaction":{"uuid":"6D80379E-ABF1-4393-AD49-7C9A0BA8B60C"},"geometry":"55AA82DA-BEBC-4D01-8DE2-349CC85061F9","material":"436E881D-F8CE-42B0-AF37-195A9372A0A3"},{"uuid":"7E6363F8-5D06-4133-80D4-0DCBA13D0128","objectType":"Mesh3D","name":"Cylinder 15","matrix":[0.9998476951563913,0.01732231884620599,-0.0021269133133515134,0,-0.017452406437283515,0.9923949820549216,-0.12185078211385963,0,-1.0842021724855042e-18,0.12186934340514766,0.9925461516413218,0,-311.6144044416957,-186.53901415558843,136.3117453809259,1],"castShadow":true,"receiveShadow":true,"layers":1,"userData":{"positionToCenter":{"x":0,"y":0,"z":0}},"hiddenMatrix":[1,0,0,0,0,1,0,0,0,0,1,0,309.88060500312383,164.64655994292087,-134.24250124257063,1],"interaction":{"uuid":"EDF39C15-5E57-4392-AFB7-BF7F566C09C6"},"geometry":"DD852A78-269D-40E7-8834-90BB05AA4F5E","material":"E7214631-80F5-4A4C-91D0-223510284D71"},{"uuid":"57A3AECA-BAAC-47F8-935C-013BEEBD0C34","objectType":"Mesh3D","name":"Cylinder 14","matrix":[0.9993871024014873,0.03489672164636968,0.0027637604626645097,0,-0.03489936663598805,0.9870754432807456,0.15641004916733559,0,0.0027301578646811322,-0.15641063931349808,0.9876883405951375,0,-285.69867191902864,-227.83312644175945,133.84765165773263,1],"castShadow":true,"receiveShadow":true,"layers":1,"userData":{"positionToCenter":{"x":0,"y":0,"z":0}},"hiddenMatrix":[1,0,0,0,0,1,0,0,0,0,1,0,309.88060500312383,164.64655994292087,-134.24250124257063,1],"interaction":{"uuid":"378AE114-FFFC-4E5F-BBFB-45965894DAE5"},"geometry":"11844338-7E32-4E0C-B620-3EA6A1FA25FB","material":"3A4C77E1-23FD-448A-BD1F-9D951C28DC11"},{"uuid":"F9B8A479-D5FB-42DA-A52A-FAB03668F371","objectType":"Mesh3D","name":"Cylinder 13","matrix":[1,0,0,0,0,0.9925461516413214,-0.12186934340514761,0,0,0.12186934340514761,0.9925461516413214,0,-286.6144044416957,-183.53901415558843,136.3117453809259,1],"castShadow":true,"receiveShadow":true,"layers":1,"userData":{"positionToCenter":{"x":0,"y":0,"z":0}},"hiddenMatrix":[1,0,0,0,0,1,0,0,0,0,1,0,309.88060500312383,164.64655994292087,-134.24250124257063,1],"interaction":{"uuid":"E7D9AE32-7760-437F-84A1-A28F820C14B1"},"geometry":"9C529591-8CD3-47B0-8BCF-EE871AAEA53A","material":"0E071E97-5181-4F08-A9B6-668B426656A2"},{"uuid":"02BDBE9A-9291-47F4-B1F3-D0F7E2AEC472","objectType":"Mesh3D","name":"Cylinder 19","matrix":[0.8078709295077156,0.4122200898667053,-0.421211536839419,0,-0.4400504912406863,0.8973228773555315,0.03416458595124818,0,0.3920460769031755,0.15775376789374979,0.9063187200428752,0,-301.4924637867024,-211.44953345840537,143.34907194895683,1],"castShadow":true,"receiveShadow":true,"layers":1,"userData":{"positionToCenter":{"x":0,"y":0,"z":0}},"hiddenMatrix":[0.5740516503666939,-0.6622961622363103,0,0,0.6603708826949256,0.5757252703386084,0,0,0,0,0.8857142857142858,0,299.71063761461687,-50.747747624578324,-120.56981222818584,1],"interaction":{"uuid":"5D3E04AA-0DEA-49DF-AB46-FD438EAC81DB"},"geometry":"9A0159FD-2AB6-4C1B-810F-2B674B676ADA","material":"B6A92943-DB25-41E4-840E-5685D1B96A89"},{"uuid":"E95CFF21-568D-41B2-803B-699C0CC43E28","objectType":"Mesh3D","name":"Cylinder 19","matrix":[0.904741907796447,0.02022194327633584,-0.42547990938113,0,-0.3613385718693599,0.565367289160004,-0.741481129110701,0,0.22555823362550378,0.824591354161562,0.5188184479042224,0,-309.03638092648254,-197.4117816095203,137.13602887586708,1],"castShadow":true,"receiveShadow":true,"layers":1,"userData":{"positionToCenter":{"x":0,"y":0,"z":0}},"hiddenMatrix":[0.5740516503666939,-0.6622961622363103,0,0,0.6603708826949256,0.5757252703386084,0,0,0,0,0.8857142857142858,0,299.71063761461687,-50.747747624578324,-120.56981222818584,1],"interaction":{"uuid":"D4B1615E-53F1-46DC-B39B-EF1B86342884"},"geometry":"9ECF3C57-950D-4347-B03F-40E831D416B7","material":"DBAD7D28-1BF1-4159-AAC4-290498FBCB91"},{"uuid":"9E167953-8284-46EC-8379-B01E885EEEB6","objectType":"Mesh3D","name":"Cylinder 18","matrix":[0.8078709295077153,0.41222008986670516,-0.42121153683941887,0,-0.44005049124068624,0.8973228773555314,0.034164585951248154,0,0.3920460769031755,0.1577537678937498,0.9063187200428752,0,-277.34637095222183,-142.09089598051077,143.28105750030272,1],"castShadow":true,"receiveShadow":true,"layers":1,"userData":{"positionToCenter":{"x":0,"y":0,"z":0}},"hiddenMatrix":[0.9142857142857143,0,0,0,0,0.9130434782608695,0,0,0,0,0.9142857142857143,0,291.51086694575986,154.77684260448467,-123.99381429166667,1],"interaction":{"uuid":"BB2460F6-2540-4A53-81ED-0A656815D282"},"geometry":"96D0017D-26BC-460C-90CD-6F99C0D404F5","material":"8F38EE97-09B7-422B-90CB-6B3479865123"},{"uuid":"36349E1D-CC3E-4890-B498-C2F7C91DE083","objectType":"Mesh3D","name":"Cylinder 17","matrix":[0.904741907796447,0.020221943276335867,-0.42547990938112995,0,-0.3613385718693599,0.565367289160004,-0.741481129110701,0,0.22555823362550362,0.8245913541615617,0.5188184479042222,0,-284.89028809200187,-128.05314413162577,1