{"object":{"uuid":"00CA2653-720C-445D-8E58-8D696C536182","objectType":"Scene","name":"Building Sunset - Copy","matrix":[1,0,0,0,0,1,0,0,0,0,1,0,0,0,0,1],"layers":1,"children":[{"uuid":"8DF1951E-F0F5-4E58-AEAE-B9714F61338E","objectType":"LightDirectional","name":"Directional Light","matrix":[1,0,0,0,0,1,0,0,0,0,3.0454372499736615,0,0,2790.826555736725,713.9704060150325,1],"castShadow":true,"layers":1,"hiddenMatrix":[1,0,0,0,0,1,0,0,0,0,1,0,0,0,0,1],"interaction":{"uuid":"61527D65-6A94-4DAE-985A-7887D81DB4C5"},"enableHelper":true,"color":16777215,"intensity":1,"shadow":{"mapSize":[1024,1024],"camera":{"uuid":"2682CCA4-A432-4D4B-8956-2FAA3E2C4AFE","type":"OrthographicCamera","layers":1,"zoom":1,"left":-1250,"right":1250,"top":1250,"bottom":-1250,"near":1,"far":2500}}},{"uuid":"5B2B852E-7EFE-499F-A839-600542ADAD3B","objectType":"NonParametric","name":"man_in_suit","matrix":[-0.721857230267617,-2.2204460492503123e-16,0.6920420067527435,0,0.6920420067527435,-4.4408920985006247e-16,0.7218572302676168,0,2.220446049250314e-16,1.0000000000000004,3.330669073875471e-16,0,104.32376892707333,-559.6261924253315,-9088.061576967499,1],"layers":1,"userData":{"transformData":{"inheritType":1,"eulerOrder":"ZYX","preRotation":[-90,0,0],"parentMatrix":{"elements":[1,0,0,0,0,1,0,0,0,0,1,0,0,0,0,1]},"parentMatrixWorld":{"elements":[1,0,0,0,0,1,0,0,0,0,1,0,0,0,0,1]}}},"hiddenMatrix":[4.26122145765008,-0.061599556281054124,4.265969964801293,0,0.14880513227588746,6.027799356675066,-0.06159955628105387,0,-4.263818860895608,0.1488051322758879,4.26122145765008,0,-40657.8328448845,3298.9068868683353,44103.80868781657,1],"interaction":{"uuid":"B7BD8FE2-DA0E-45B4-89AD-32D3D80FEE8B"},"geometry":"190D9EA6-3DA0-428F-8569-90EA953C0A2F","material":["CAA9BF3D-84B8-475C-8F1F-9AE954320D9F","2FBEDA50-075B-42FB-8B5A-478E19ECEC79","849CBD3D-33EF-4A94-B629-AE52D19B182F","4F0B78CA-7DEC-4DE7-AC66-BE7BF99A62E1","758CF630-734A-494A-9DE7-BAF59AAF4672","29E61449-1786-4A48-9EC8-DE0E1F06CC49","8AA70082-CD1D-4E68-B537-BE304BB1F5FE","7A6FD356-14A5-4F43-8BF9-7FB3A0E64EA0","BC6177C7-5DBA-4732-B4BF-604FBE6F52A2","37C9BD1D-943B-4902-A8B0-A42B2B1E8B3C","5D1BFC9F-91E6-4701-82C1-047F260C236D","A6239EC5-EB0E-4FBA-A421-9C8D47BAAF14","D5E5E673-69B7-4D1C-BBC7-7BB15283BA04","A68C9CE0-D4BF-42AC-9696-5E47396FF077","8BD2A5EE-A495-498E-A1A0-F670225CF1EF"]},{"uuid":"E0F16D59-CB40-4CD5-A254-47BD5975A8C5","objectType":"EmptyObject","name":"Empty Object 2","matrix":[1.209363001493162,0,0,0,0,1.2353183883090053,0,0,0,0,-0.49518867321698923,0,-488.9403020104753,-37.664079638308294,7453.349759874172,1],"layers":1,"userData":{"positionToCenter":{"x":0,"y":0,"z":0}},"children":[{"uuid":"00113EE2-CEF1-430B-8430-E7EB09C0F5E5","objectType":"Mesh3D","name":"Cube copy","matrix":[0.9999999999999996,0,2.7755575615628914e-17,0,0,1,0,0,-2.775557561562891e-17,0,0.9999999999999994,0,286.95187104787135,111.36215167788417,-247.31226767275007,1],"castShadow":true,"receiveShadow":true,"layers":1,"userData":{"ui":{"enabledScaleLock":false},"positionToCenter":{"x":0,"y":0,"z":0}},"hiddenMatrix":[0.853772988052633,0,-0.21472302339658003,0,0,0.9659145690150306,0,0,0.18984534085460536,0,0.8957935809437727,0,-192.42046139385587,-148.26340259148324,297.00928270721994,1],"interaction":{"uuid":"0515DB8C-553E-4943-B1AC-BF977A048AE9"},"geometry":"E7224330-0065-479F-AA7A-CA9ADCFB73EB","material":"61C5A3C8-E409-4EDA-A5DB-CEA0653B02C9"},{"uuid":"8F3C61A9-EC82-4506-A6B7-BD1C42D988BB","objectType":"Mesh3D","name":"Cube","matrix":[1,0,-6.162975822039155e-33,0,0,1,0,0,6.1629758220391534e-33,0,0.9999999999999998,0,401.84253564086816,-301.5622772892574,-198.4981422525093,1],"castShadow":true,"receiveShadow":true,"layers":1,"userData":{"ui":{"enabledScaleLock":false},"positionToCenter":{"x":0,"y":0,"z":0}},"hiddenMatrix":[0.853772988052633,0,-0.21472302339658,0,0,0.9659145690150306,0,0,0.1898453408546054,0,0.8957935809437727,0,-254.94144685614623,312.66218356769684,298.38685300046944,1],"interaction":{"uuid":"E9FDFE53-DACF-4A05-9885-EC9A77FB0624"},"geometry":"1DF130F1-613C-4529-BFA7-CCD8A70F7F25","material":"DD771C2A-AF0E-4C93-8E0F-B93E736C4897"},{"uuid":"0E890018-A8F4-4C92-BEC5-FA358E8B1460","objectType":"Mesh3D","name":"Cube","matrix":[0.9999999999999997,0,-6.938893903907228e-17,0,0,1,0,0,6.938893903907227e-17,0,0.9999999999999996,0,319.71886330314703,-317.8579413473154,-299.0227287597286,1],"castShadow":true,"receiveShadow":true,"layers":1,"userData":{"ui":{"enabledScaleLock":false},"positionToCenter":{"x":0,"y":0,"z":0}},"hiddenMatrix":[0.853772988052633,0,-0.21472302339658,0,0,0.9659145690150306,0,0,0.1898453408546054,0,0.8957935809437727,0,-254.94144685614623,312.66218356769684,298.38685300046944,1],"interaction":{"uuid":"FC26F12B-E725-40BF-956A-39FFF8936ABC"},"geometry":"347840A4-31F9-4D18-9994-42F020C831F8","material":"7957D7BB-9820-46B0-B5DD-37D057B2384B"}],"hiddenMatrix":[1.269301893182773,0,0,0,0,1.269301893182773,0,0,0,0,1.269301893182773,0,-1408.087894839644,820.296702172157,-1265.9842736671785,1],"interaction":{"uuid":"BABA6825-96B8-40AB-9F7E-3EBE37AE980E"},"enableHelper":true},{"uuid":"9567F5CF-09BC-4B01-8028-99CE73538675","objectType":"EmptyObject","name":"Cloud 1","matrix":[1.209363001493162,0,0,0,0,1.2118624485435858,0,0,0,0,1.2093007228713337,0,-814.2567037777426,-342.9958137622497,2394.1062416118057,1],"layers":1,"userData":{"positionToCenter":{"x":0,"y":0,"z":0}},"children":[{"uuid":"47732CFB-5435-4F29-8EE2-06B57F43725C","objectType":"Mesh3D","name":"Cube copy","matrix":[0.9999999999999996,0,2.7755575615628914e-17,0,0,1,0,0,-2.775557561562891e-17,0,0.9999999999999994,0,286.95187104787135,111.36215167788417,-247.31226767275007,1],"castShadow":true,"receiveShadow":true,"layers":1,"userData":{"ui":{"enabledScaleLock":false},"positionToCenter":{"x":0,"y":0,"z":0}},"hiddenMatrix":[0.853772988052633,0,-0.21472302339658003,0,0,0.9659145690150306,0,0,0.18984534085460536,0,0.8957935809437727,0,-192.42046139385587,-148.26340259148324,297.00928270721994,1],"interaction":{"uuid":"9AF2E7A4-6290-4AC9-ACF5-A0DB9353DCD8"},"geometry":"486C5398-D146-402C-9426-6EBE2DEA0884","material":"4D708045-3DD2-434C-A9E3-97FC0C1872B6"},{"uuid":"33BC4667-BC06-46FD-ABC7-CA6CC0255671","objectType":"Mesh3D","name":"Cube","matrix":[1,0,-6.162975822039155e-33,0,0,1,0,0,6.1629758220391534e-33,0,0.9999999999999998,0,401.84253564086816,-301.5622772892574,-198.4981422525093,1],"castShadow":true,"receiveShadow":true,"layers":1,"userData":{"ui":{"enabledScaleLock":false},"positionToCenter":{"x":0,"y":0,"z":0}},"hiddenMatrix":[0.853772988052633,0,-0.21472302339658,0,0,0.9659145690150306,0,0,0.1898453408546054,0,0.8957935809437727,0,-254.94144685614623,312.66218356769684,298.38685300046944,1],"interaction":{"uuid":"D68B7DF6-26B8-4F94-AFAA-D37A86E211AD"},"geometry":"C71FE765-2C56-4263-8F54-6C6EA3C2705C","material":"A5B942E4-F549-4592-B2B8-216FDA406A90"},{"uuid":"4FC58E9F-871C-45C0-BDCD-3CA1F198C419","objectType":"Mesh3D","name":"Cube","matrix":[0.9999999999999997,0,-6.938893903907228e-17,0,0,1,0,0,6.938893903907227e-17,0,0.9999999999999996,0,319.71886330314703,-317.8579413473154,-299.0227287597286,1],"castShadow":true,"receiveShadow":true,"layers":1,"userData":{"ui":{"enabledScaleLock":false},"positionToCenter":{"x":0,"y":0,"z":0}},"hiddenMatrix":[0.853772988052633,0,-0.21472302339658,0,0,0.9659145690150306,0,0,0.1898453408546054,0,0.8957935809437727,0,-254.94144685614623,312.66218356769684,298.38685300046944,1],"interaction":{"uuid":"2F05502F-9CD4-4178-A045-FCA72D2BC049"},"geometry":"32EF904E-A7F3-4530-A5AC-7A0C8DCD42FB","material":"56489BEA-407F-49C8-8E8C-F82587DB452E"}],"hiddenMatrix":[1.269301893182773,0,0,0,0,1.269301893182773,0,0,0,0,1.269301893182773,0,-1408.087894839644,820.296702172157,-1265.9842736671785,1],"interaction":{"uuid":"78CA809C-46D2-4E66-A50A-FAC9A990D3FA"},"enableHelper":true},{"uuid":"A7A6C941-932B-4D21-A909-B7F5603667E4","objectType":"EmptyObject","name":"Empty Object","matrix":[-1.5403161158569845,-0.12986200314579438,-0.844641647716374,0,0.11277855563605406,-1.7399210526925768,0.06184280231756923,0,-0.8486246284345833,3.061758141639002e-17,1.5475796096782897,0,1694.6775320484894,199.62286486631137,4594.142265458842,1],"layers":1,"userData":{"positionToCenter":{"x":0,"y":0,"z":0}},"children":[{"uuid":"0FE326ED-E1D8-4760-9B2E-D38015408BEB","objectType":"Mesh3D","name":"Cube copy 2","matrix":[1.0000000000000002,0,-5.551115123125783e-17,0,0,1,0,0,5.5511151231257815e-17,0,1,0,1363.1673032924587,383.99212777680225,-62.71517753672436,1],"castShadow":true,"receiveShadow":true,"layers":1,"userData":{"ui":{"enabledScaleLock":false},"positionToCenter":{"x":0,"y":0,"z":0}},"hiddenMatrix":[0.15752799774783668,0,-0.6815114909572905,0,0,0.7119884792790421,0,0,0.6571841573821917,0,0.15154119784490214,0,-10.504362299072952,-249.4296656644222,895.7689877568628,1],"interaction":{"uuid":"B8004637-2582-4DCF-A5C9-184A30AFF51D"},"geometry":"B5BB05AF-14D2-4A56-B091-A941F9AE7D6A","material":"4FFA14C1-8C98-4600-8E3B-1C2665E54B95"},{"uuid":"6814D0D2-F167-4CA1-A2A2-AE621E5B144C","objectType":"Mesh3D","name":"Cube","matrix":[0.9999999999999997,0,2.775557561562892e-17,0,0,0.9999999999999998,0,0,-2.7755575615628926e-17,0,0.9999999999999998,0,422.83996725769805,-279.23035909039686,-240.2240024995836,1],"castShadow":true,"receiveShadow":true,"layers":1,"userData":{"ui":{"enabledScaleLock":false},"positionToCenter":{"x":0,"y":0,"z":0}},"hiddenMatrix":[1,0,0,0,0,1,0,0,0,0,1,0,-364.4224999999998,290.3221978944266,245.69128907388722,1],"interaction":{"uuid":"97EE7265-AD8B-40FE-9530-17B042F399EF"},"geometry":"6AC04D62-3864-4063-8574-14033CD977FE","material":"0C86DBE8-9729-45C0-B707-43D30BC7ED96"},{"uuid":"53C117E3-047B-40F5-89D4-751214EA3DED","objectType":"Mesh3D","name":"Cube","matrix":[0.9999999999999998,0,-5.551115123125783e-17,0,0,1,0,0,5.551115123125783e-17,0,0.9999999999999998,0,360.10019505040293,-228.65107178327128,-290.20246633862985,1],"castShadow":true,"receiveShadow":true,"layers":1,"userData":{"ui":{"enabledScaleLock":false},"positionToCenter":{"x":0,"y":0,"z":0}},"hiddenMatrix":[1,0,0,0,0,1,0,0,0,0,1,0,-364.4224999999998,290.3221978944266,245.69128907388722,1],"interaction":{"uuid":"C64F471C-4ED6-44D6-9B9C-9EC4DA28EE7F"},"geometry":"A51F498D-E2C9-4693-B2E2-89076E2ED855","material":"7B6C9621-84A1-4142-BE1D-5D9C2A24CECB"}],"hiddenMatrix":[1.269301893182773,0,0,0,0,1.269301893182773,0,0,0,0,1.269301893182773,0,-1408.087894839644,820.296702172157,-1265.9842736671785,1],"interaction":{"uuid":"0D3D0C97-64BE-4041-A7A2-2AE22EF33634"},"enableHelper":true},{"uuid":"75D33F56-92CE-45D0-B37F-835FB28DEA56","objectType":"EmptyObject","name":"Cloud 2","matrix":[0.7721876816639397,0,1.583219370135789,0,0,1.7446686804125817,0,0,-1.5863565732651257,0,0.7737177978670681,0,541.0583599731419,-40.37713513368885,2492.1968864201544,1],"layers":1,"userData":{"positionToCenter":{"x":0,"y":0,"z":0}},"children":[{"uuid":"DCD7DB26-21F5-4D0D-AC01-0EDD07059B53","objectType":"Mesh3D","name":"Cube copy 2","matrix":[1.0000000000000002,0,-5.551115123125783e-17,0,0,1,0,0,5.5511151231257815e-17,0,1,0,1363.1673032924587,383.99212777680225,-62.71517753672436,1],"castShadow":true,"receiveShadow":true,"layers":1,"userData":{"ui":{"enabledScaleLock":false},"positionToCenter":{"x":0,"y":0,"z":0}},"hiddenMatrix":[0.15752799774783668,0,-0.6815114909572905,0,0,0.7119884792790421,0,0,0.6571841573821917,0,0.15154119784490214,0,-10.504362299072952,-249.4296656644222,895.7689877568628,1],"interaction":{"uuid":"2021B21E-ED90-453B-85F9-66E6EBF6C2AB"},"geometry":"3FF0FC8A-1EA0-4465-8B0A-91A92B992059","material":"04A43080-66C6-48D9-9BB5-62F75B977080"},{"uuid":"7D223844-4A93-4AC3-AD14-D590847E9D11","objectType":"Mesh3D","name":"Cube","matrix":[0.9999999999999997,0,2.775557561562892e-17,0,0,0.9999999999999998,0,0,-2.7755575615628926e-17,0,0.9999999999999998,0,422.83996725769805,-279.23035909039686,-240.2240024995836,1],"castShadow":true,"receiveShadow":true,"layers":1,"userData":{"ui":{"enabledScaleLock":false},"positionToCenter":{"x":0,"y":0,"z":0}},"hiddenMatrix":[1,0,0,0,0,1,0,0,0,0,1,0,-364.4224999999998,290.3221978944266,245.69128907388722,1],"interaction":{"uuid":"8C312F47-EF99-4BAE-91A8-6D81A6A65A7C"},"geometry":"444CC1FC-6055-4BBC-BC12-4D3E4FA90625","material":"747A9653-E72C-4DFA-B0AE-6891EF90681C"},{"uuid":"B6AC5CA6-7DA0-4EE5-B174-587A2F258908","objectType":"Mesh3D","name":"Cube","matrix":[0.9999999999999998,0,-5.551115123125783e-17,0,0,1,0,0,5.551115123125783e-17,0,0.9999999999999998,0,360.10019505040293,-228.65107178327128,-290.20246633862985,1],"castShadow":true,"receiveShadow":true,"layers":1,"userData":{"ui":{"enabledScaleLock":false},"positionToCenter":{"x":0,"y":0,"z":0}},"hiddenMatrix":[1,0,0,0,0,1,0,0,0,0,1,0,-364.4224999999998,290.3221978944266,245.69128907388722,1],"interaction":{"uuid":"E1E67402-0EC6-470D-A958-717B411D8CD7"},"geometry":"9C03B438-B114-4D05-8EDD-91DA3E9CECC0","material":"2E4B9E28-2117-4A24-A22A-027D82D23F18"}],"hiddenMatrix":[1.269301893182773,0,0,0,0,1.269301893182773,0,0,0,0,1.269301893182773,0,-1408.087894839644,820.296702172157,-1265.9842736671785,1],"interaction":{"uuid":"D7D205C1-5074-4BAC-9B7B-58C306FA466C"},"enableHelper":true},{"uuid":"7F3480EC-DBC6-46F2-9FF9-19AE783CBE60","objectType":"EmptyObject","name":"Character","matrix":[1.0000000000000002,0,0,0,0,0.9981775883037901,-0.06034486065961163,0,0,0.06034486065961163,0.9981775883037901,0,-13.913344353827597,-1410.6871911913095,3278.1611226474024,1],"layers":1,"userData":{"positionToCenter":{"x":0,"y":0,"z":0}},"children":[{"uuid":"04EA9B62-2BFB-4DD9-A245-AE6A1506F1B9","objectType":"EmptyObject","name":"head","matrix":[1,0,0,0,0,1,0,0,0,0,1,0,-3.0503328631096593,49.75192308834035,156.7965346987473,1],"layers":1,"userData":{"positionToCenter":{"x":0,"y":0,"z":0}},"children":[{"uuid":"B2BD1924-3F49-41B5-992A-6CFC3E385656","objectType":"Mesh3D","name":"Sphere","matrix":[0.9811060203142238,0.1837692586837041,0.060496582267314386,0,-0.19070769152555578,0.9712575068530714,0.1424409764588444,0,-0.032581487016058744,-0.1512868630925944,0.9879527983458645,0,60.888203565184554,-16.32543241493586,225.8512345354143,1],"castShadow":true,"receiveShadow":true,"layers":1,"userData":{"positionToCenter":{"x":0,"y":0,"z":0}},"hiddenMatrix":[1,0,0,0,0,1,0,0,0,0,1,0,3.0503328631096593,-49.751923088340355,-156.7965346987473,1],"interaction":{"uuid":"4492AF88-8BD4-4898-B8E1-9EACBD36536B"},"geometry":"2D6BCE7F-209A-44BA-A2FC-6EBBD2048568","material":"6F1C8DCE-F6C5-42A5-A2CA-065A09BEBCFA"},{"uuid":"EFC75092-C6A4-4992-BE87-BDDFC83A6D29","objectType":"Mesh3D","name":"Sphere copy","matrix":[0.9450165831607477,-0.3264799069718139,-0.01882891114379294,0,0.32539530459889465,0.9330183038929498,0.1536057952868777,0,-0.03258148701605857,-0.1512868630925945,0.9879527983458641,0,-58.983799210324065,-13.727593783252507,227.38254566083305,1],"castShadow":true,"receiveShadow":true,"layers":1,"userData":{"positionToCenter":{"x":0,"y":0,"z":0}},"hiddenMatrix":[1,0,0,0,0,1,0,0,0,0,1,0,3.0503328631096593,-49.751923088340355,-156.7965346987473,1],"interaction":{"uuid":"9EBF9E39-27D4-4B03-BD14-78245344FD0E"},"geometry":"3141E2C8-A829-4410-B72A-97E4AC8C01A2","material":"4F3FFCAC-3138-4A82-8404-5A6C8F111429"},{"uuid":"624C913B-6EDD-4D9A-9F5D-325164AE2EF9","objectType":"Mesh3D","name":"Sphere 2","matrix":[0.970295726275996,0.24192189559966795,0,0,-0.24192189559966795,0.970295726275996,0,0,0,0,0.9999999999999996,0,15.122436437840255,-43.88901452059351,219.73022538894352,1],"castShadow":true,"receiveShadow":true,"layers":1,"userData":{"positionToCenter":{"x":0,"y":0,"z":0}},"hiddenMatrix":[1,0,0,0,0,1,0,0,0,0,1,0,3.0503328631096593,-49.751923088340355,-156.7965346987473,1],"interaction":{"uuid":"4308388A-7A18-4C4E-89D2-E4A0467DB74D"},"geometry":"2E9C9B66-DC87-4DDA-A2E0-B0CD7951F0AA","material":"C4B5A180-59E3-4D68-AA14-B5BD37CDDA4E"},{"uuid":"F8307289-E384-4D0B-B6A6-79D92067FE42","objectType":"Mesh2D","name":"Ellipse copy","matrix":[0.9645363742828891,0.14263817172801035,-0.22208992469566652,0,-0.047076559869637734,0.9208825780495379,0.3869871767328676,0,0.14760791843598045,-0.20619808438200327,0.5086295060363997,0,1.6099955059442301,154.1846015852547,268.5589109872639,1],"castShadow":true,"receiveShadow":true,"layers":1,"userData":{"positionToCenter":{"x":0,"y":0,"z":0}},"hiddenMatrix":[0.9999999999999888,0,0,0,0,1.0000000000000009,0,0,0,0,1.0000000000000004,0,32.766292316016155,-201.61537146256006,-170.6369419989308,1.0000000000000002],"interaction":{"uuid":"4FAED2B3-A718-4DA5-81B8-7D36F1A7616A"},"geometry":"7E93539C-9CF1-4F46-98B8-E6B6DE371C1F","material":"9750E532-14D4-46B1-836F-BC6196BE979B"},{"uuid":"19D57F7B-ED04-4D9D-8370-D2C468D7B2ED","objectType":"Mesh3D","name":"Sphere","matrix":[-0.1391757263206492,-0.017237538353432117,0.9901176619344962,0,0.00030458649045211726,0.9998476951563915,0.017449748351250155,0,-0.9902676529253144,0.0027301578646811058,-0.13914927886210823,0,-25.558730505549512,204.11346037237698,183.4862656232037,1],"castShadow":true,"receiveShadow":true,"layers":1,"userData":{"positionToCenter":{"x":0,"y":0,"z":0}},"hiddenMatrix":[0.9999999999999891,0,0,0,0,1.0000000000000009,0,0,0,0,1.0000000000000004,0,11.35657847012152,-200.7267806384732,-75.26513955822675,1.0000000000000002],"interaction":{"uuid":"4F1D7C81-CB81-4A8A-AECB-7BBC087AEF32"},"geometry":"B03FE264-4438-494D-A785-504936B89A12","material":"8F27126E-87C4-4C7F-A733-F0C5B16E7DE3"},{"uuid":"DF573F99-36E9-422D-AC2E-CC8267FCB39B","objectType":"Mesh3D","name":"Sphere copy","matrix":[0.20648648757100782,0.08136000419771951,0.975060962282634,0,0.014096703167661762,0.996186080566924,-0.08610793136821249,0,-0.978347899987735,0.031525269255900844,0.2045520569145002,0,11.68545128114196,205.02734877551788,182.86797809645802,1],"castShadow":true,"receiveShadow":true,"layers":1,"userData":{"positionToCenter":{"x":0,"y":0,"z":0}},"hiddenMatrix":[0.9999999999999891,0,0,0,0,1.0000000000000009,0,0,0,0,1.0000000000000004,0,11.35657847012152,-200.7267806384732,-75.26513955822675,1.0000000000000002],"interaction":{"uuid":"4DA0863F-06C4-4EA7-9C5F-237673230A68"},"geometry":"C2BD0BC0-D031-4F05-B1AA-09BCFEAEF4C6","material":"FD61EBF0-74B2-40E1-B8D6-5A6DC8A2F1E8"},{"uuid":"7FE05C46-AFDE-433B-A821-D7A9E2BE84E3","objectType":"Mesh3D","name":"Sphere 4","matrix":[-0.1361347287914749,0.19097513656040246,0.9721089613991873,0,0.028936329875796862,0.9815918690488719,-0.18878583482470931,0,-0.9902676529253129,0.002428957158731171,-0.1391548624264735,0,-26.087760556353963,230.02050744573833,180.11562642976227,1],"castShadow":true,"receiveShadow":true,"layers":1,"userData":{"positionToCenter":{"x":0,"y":0,"z":0}},"hiddenMatrix":[0.9999999999999891,0,0,0,0,1.0000000000000009,0,0,0,0,1.0000000000000004,0,11.35657847012152,-200.7267806384732,-75.26513955822675,1.0000000000000002],"interaction":{"uuid":"58121666-3096-409D-B2D2-7AE2FA0B3F82"},"geometry":"3306CB0E-6DAB-401A-B1F6-2E0CF9E8316B","material":"01A57C2E-BA57-4FA5-9A13-CB46F6657918"},{"uuid":"65C32299-B869-4DB8-A32D-55F3C1416CAA","objectType":"Mesh3D","name":"Sphere copy","matrix":[0.14251525960342862,0.18291049431935633,0.9727451628499709,0,0.028833622918215625,0.9815924621485101,-0.1887984651490477,0,-0.9893725400321145,0.054954429494580244,0.13461793234687622,0,11.161932726258152,230.49380554691535,179.853632858874,1],"castShadow":true,"receiveShadow":true,"layers":1,"userData":{"positionToCenter":{"x":0,"y":0,"z":0}},"hiddenMatrix":[0.9999999999999891,0,0,0,0,1.0000000000000009,0,0,0,0,1.0000000000000004,0,11.35657847012152,-200.7267806384732,-75.26513955822675,1.0000000000000002],"interaction":{"uuid":"4E0B88FE-5EBA-4E7B-8C96-E0E3ADEA5ECF"},"geometry":"7FB88321-5B63-4DE4-B2BA-02FC519778B1","material":"AA0A9C4A-5F9C-4247-84BA-6C2FB04D69B0"},{"uuid":"67568E5A-75AB-423D-99C7-5AEB694650E3","objectType":"Mesh3D","name":"Sphere 5","matrix":[-0.12904179541675623,0.3585254343902619,0.9245581257719249,0,0.05213626957722488,0.933516798489666,-0.35472270343491674,0,-0.9902676529253137,0.0024289571587316158,-0.13915486242647246,0,-25.87616392582592,253.12096869389137,171.46038557900727,1],"castShadow":true,"receiveShadow":true,"layers":1,"userData":{"positionToCenter":{"x":0,"y":0,"z":0}},"hiddenMatrix":[0.9999999999999891,0,0,0,0,1.0000000000000009,0,0,0,0,1.0000000000000004,0,11.35657847012152,-200.7267806384732,-75.26513955822675,1.0000000000000002],"interaction":{"uuid":"DBD6CC65-1A62-478B-84B2-92CC47928664"},"geometry":"6F269F8B-DDC0-41B6-99FE-6870383635DA","material":"4382CC00-BE6D-4B9B-A1D1-D46A9ADF493C"},{"uuid":"560C4816-4944-40C2-B4F1-990E9E216103","objectType":"Mesh3D","name":"Sphere copy","matrix":[0.22279034157696864,0.3950236960884808,0.8912467353256428,0,0.015579018318282824,0.9126650807321306,-0.4084112444588825,0,-0.9747418929584782,0.10487482987261815,0.19717888368416656,0,11.755346407282753,252.80575949281967,170.85644819980723,1],"castShadow":true,"receiveShadow":true,"layers":1,"userData":{"positionToCenter":{"x":0,"y":0,"z":0}},"hiddenMatrix":[0.9999999999999891,0,0,0,0,1.0000000000000009,0,0,0,0,1.0000000000000004,0,11.35657847012152,-200.7267806384732,-75.26513955822675,1.0000000000000002],"interaction":{"uuid":"CDE6D36A-E7A9-429A-B7D9-940C76C95D2D"},"geometry":"49B217E8-BA4A-4C5B-AB3D-A126112A4E75","material":"D4F1B193-7B50-4612-861C-20E2F19E2689"},{"uuid":"1D07F0AE-0027-400C-A206-35F356E70954","objectType":"Mesh2D","name":"Ellipse","matrix":[0.949489369183439,-0.0590036086871623,0.3082020635387559,0,-0.056117200265690004,0.9344033428754933,0.3517687488357116,0,-0.30874066405641115,-0.35129612435236773,0.8838949232646454,0,-38.14373745532194,153.34072285567547,173.319910722287,1],"castShadow":true,"receiveShadow":true,"layers":1,"userData":{"positionToCenter":{"x":0,"y":0,"z":0}},"hiddenMatrix":[0.9999999999999891,0,0,0,0,1.0000000000000009,0,0,0,0,1.0000000000000004,0,11.35657847012152,-200.7267806384732,-75.26513955822675,1.0000000000000002],"interaction":{"uuid":"AB5FEA72-CC50-4840-8D85-76948B6FAD11"},"geometry":"B7AEAAC8-D5B1-4713-AD21-2B2D07E60B3A","material":"A3D62DAB-A025-4F47-819A-0FCD9C6EA0C4"},{"uuid":"21A9BBD4-16B5-436E-B6E0-B881BBEF4632","objectType":"Mesh3D","name":"Sphere 2","matrix":[0.35542421647939715,0.01848910187688778,0.9345222198812596,0,0.6436048492044318,0.7201921412670106,-0.25902910596647216,0,-0.6778247741271768,0.69352824943836,0.2440740518990465,0,95.52584258838584,168.86757287312602,92.1437386828894,1],"castShadow":true,"receiveShadow":true,"layers":1,"userData":{"positionToCenter":{"x":0,"y":0,"z":0}},"hiddenMatrix":[0.9999999999999891,0,0,0,0,1.0000000000000009,0,0,0,0,1.0000000000000004,0,11.35657847012152,-200.7267806384732,-75.26513955822675,1.0000000000000002],"interaction":{"uuid":"7A68888E-9E46-42F3-BE7C-1022CF44F0B6"},"geometry":"0561E46A-CFB6-4596-941F-D556E66D1C33","material":"178993AC-8103-4888-A9D8-02701B4E4FF6"},{"uuid":"7146967B-1D6E-44E2-88A7-F53DA7D4368B","objectType":"Mesh3D","name":"Sphere copy 2","matrix":[-0.3596226856926542,-0.39118658783950494,-0.8471390543645659,0,-0.6463305338424878,0.7592411927698395,-0.07622107467310721,0,0.6729995282005009,0.5201210096659478,-0.5258761929827132,0,-118.17440276199378,169.1245038085326,94.93743077512917,1],"castShadow":true,"receiveShadow":true,"layers":1,"userData":{"positionToCenter":{"x":0,"y":0,"z":0}},"hiddenMatrix":[0.9999999999999891,0,0,0,0,1.0000000000000009,0,0,0,0,1.0000000000000004,0,11.35657847012152,-200.7267806384732,-75.26513955822675,1.0000000000000002],"interaction":{"uuid":"8C8D49E0-4977-465C-966E-E8B7462CF2C8"},"geometry":"496CF740-356B-41F3-9C68-8D9D10081D66","material":"DC23FAE9-B68C-4D4E-9163-986EC6E794C3"},{"uuid":"2164BA26-8410-4AC3-BCB3-2E7B9CFB4076","objectType":"Mesh3D","name":"Sphere copy 2","matrix":[0.15067353962163024,-0.5109299852385576,-0.25882857293772743,0,0.5216588742900303,0.2667598524268401,-0.22290977284124064,0,0.32716089524399,-0.18140250147818102,0.5485424808521311,0,38.52278215852208,2.434494579376967,27.656498560861834,1],"castShadow":true,"receiveShadow":true,"layers":1,"userData":{"positionToCenter":{"x":0,"y":0,"z":0}},"hiddenMatrix":[1.5964784143980377,0,0,0,0,1.7280228885617983,0,0,0,0,1.478729569824836,0,2.0503328631097464,-18.97524634480331,53.17042758040663,0.9999999999999998],"interaction":{"uuid":"F122AE75-D8D5-4BEF-8A33-821FCEBAEE97"},"geometry":"326CE087-4E9D-48DD-9D9B-2995F87BABB4","material":"B2208B51-8C7C-45FB-BFAB-09759A197743"},{"uuid":"E4B5ED9C-45A1-418E-B41C-70483543B85C","objectType":"Mesh3D","name":"Sphere 2","matrix":[-0.40470036130247683,-0.8812880250550139,-0.24402670848965174,0,0.8189715775977996,-0.4680211921712953,0.3320266838155581,0,-0.4068208114743358,-0.06547961952554777,0.9111581897662774,0,-56.86789107005391,141.13165088489788,86.81439610131115,1],"castShadow":true,"receiveShadow":true,"layers":1,"userData":{"positionToCenter":{"x":0,"y":0,"z":0}},"hiddenMatrix":[0.9999999999999888,0,0,0,0,1.0000000000000002,0,0,0,0,1,0,3.2476916739083292,-156.57910891494507,8.205130967719107,0.9999999999999998],"interaction":{"uuid":"D07D09FC-1D94-48AF-A2C7-63C2A190543D"},"geometry":"3D53E9EC-2017-4A8C-87BB-1384199E2F04","material":"45E0A7BF-7F2D-44C6-AAF4-2F2C9BD9F624"},{"uuid":"3E6C4BC9-5725-436C-BC15-633BB0B1A38F","objectType":"Mesh3D","name":"Sphere","matrix":[1.0000000000000115,-2.165762478293762e-19,1.1350280194191144e-20,0,2.168734653763269e-19,0.9986295347545731,-0.05233595624294389,0,5.717604522399601e-35,0.052335956242943876,0.9986295347545728,0,-0.7500000000001033,107.59750996773155,-8.205130967719128,1],"castShadow":true,"receiveShadow":true,"layers":1,"userData":{"positionToCenter":{"x":0,"y":0,"z":0}},"hiddenMatrix":[0.9999999999999891,0,0,0,0,1.0000000000000009,0,0,0,0,1.0000000000000004,0,3.997691673908348,-107.59750996773164,8.205130967719128,1.0000000000000002],"interaction":{"uuid":"E75F0A47-684E-4AFC-8F6A-76D32856383B"},"geometry":"3333DC80-7BB1-4B4C-B0B9-EB7432128621","material":"F6523654-5B12-4F64-83B7-44D25C5B7218"}],"hiddenMatrix":[0.9999999999999997,0,0,0,0,1,0,0,0,0,1,0,-10.154541519466306,122.71512848539487,-172.8352302466565,1],"interaction":{"uuid":"D12001B9-7ED8-48AA-A421-D1C14B3B3CCD"},"enableHelper":true},{"uuid":"7716FF1D-59FC-4239-96DA-310F80F36EF6","objectType":"EmptyObject","name":"arm l","matrix":[0.9975640502598242,-0.06796861984125298,-0.015691792316051133,0,0.06975647374412522,0.9719965482790848,0.22440308488148344,0,-5.204170427930421e-18,-0.22495105434386506,0.9743700647852352,0,-152.47340345869452,2.881420944903468,88.28588720050666,1],"layers":1,"userData":{"positionToCenter":{"x":0,"y":0,"z":0}},"children":[{"uuid":"1A378482-41DD-4435-88E5-8313018CA427","objectType":"Mesh3D","name":"Sphere 6","matrix":[0.933269524049734,0.35142280665844605,0.0742294176205337,0,0.021003041416010334,0.15291650189399794,-0.9880158985055756,0,-0.3585622229561566,0.9236441708844396,0.13533136317918384,0,-113.05347817443614,-18.973858470968928,20.337112670279957,1],"castShadow":true,"receiveShadow":true,"layers":1,"userData":{"positionToCenter":{"x":0,"y":0,"z":0}},"hiddenMatrix":[1,0,0,0,0,1,0,0,0,0,1,0,143.70803909009453,38.967373922706216,-20.337112670279957,1],"interaction":{"uuid":"46857597-9DB2-46FF-94E3-A2827A0A9640"},"geometry":"474D6F73-33B9-4389-A37A-A0AB5E28C40D","material":"BDCF7729-872F-4F3B-B14E-E94A176185FD"},{"uuid":"DB3A6F44-93EC-49EA-8216-C7AFD6A44D2E","objectType":"Mesh3D","name":"Sphere 3","matrix":[0.5945871106106527,0.7925642898743148,0.13530711109065363,0,0.02076343943239889,0.15309403937570287,-0.9879934689513731,0,-0.8037630543130311,0.5902576230118962,0.0745713818950251,0,-170.31085917635457,-69.18268208864889,10.084391149948946,1],"castShadow":true,"receiveShadow":true,"layers":1,"userData":{"positionToCenter":{"x":0,"y":0,"z":0}},"hiddenMatrix":[1,0,0,0,0,1,0,0,0,0,1,0,143.70803909009453,38.967373922706216,-20.337112670279957,1],"interaction":{"uuid":"E36B4270-FA43-47A3-BE3B-A64C879C25AC"},"geometry":"106A31AD-9206-4139-B8F5-9E68167FBBDA","material":"86D722F8-260F-415C-9077-0B6C1D52B63E"},{"uuid":"6F822038-6344-4E93-8C25-D36D63E808CC","objectType":"Mesh3D","name":"Cube","matrix":[-0.10577664233412735,-0.04506224770989633,0.9933683585497632,0,0.6302193288379728,0.7696849656202893,0.10202279773222271,0,-0.7691780674821231,0.6368315691997583,-0.05301559181071114,0,-151.4659965230421,-45.133336068342906,13.034316296587793,1],"castShadow":true,"receiveShadow":true,"layers":1,"userData":{"positionToCenter":{"x":0,"y":0,"z":0}},"hiddenMatrix":[1,0,0,0,0,1,0,0,0,0,1,0,143.70803909009453,38.967373922706216,-20.337112670279957,1],"interaction":{"uuid":"500DE009-0810-42C1-817E-1D88C5B8E12B"},"geometry":"678E7BEB-7B87-402E-AB85-7A33BF32D942","material":"F1C18EC4-3667-4372-840C-D4B420D8D0D6"}],"hiddenMatrix":[0.9999999999999889,0,0,0,0,1.0000000000000009,0,0,0,0,1.0000000000000004,0,-1.8482959124544536,-28.25972906473794,-91.30383510613592,1.0000000000000002],"interaction":{"uuid":"BE52C254-3339-490D-B4E4-7E63516F46C7"},"enableHelper":true},{"uuid":"23424544-5479-4C9A-83D0-399F21DA2915","objectType":"EmptyObject","name":"belt","matrix":[1,0,0,0,0,1,0,0,0,0,1,0,-0.3434489819588862,-272.4584646319457,180.76459059110115,1],"layers":1,"userData":{"positionToCenter":{"x":0,"y":0,"z":0}},"children":[{"uuid":"BFAA0515-64D3-43A3-88A9-23723572F2CA","objectType":"Mesh3D","name":"Cube 2","matrix":[0.8660254037844387,-0.5,-1.3478822897726825e-16,0,0.5000000000000001,0.8660254037844389,1.423736206163692e-16,0,4.554322011724355e-17,-1.9069328677117774e-16,1.0000000000000002,0,-7.769904145307978,-111.87445993437237,203.74563627230074,1],"castShadow":true,"receiveShadow":true,"layers":1,"userData":{"positionToCenter":{"x":0,"y":0,"z":0}},"hiddenMatrix":[0.735537190082639,5.245873275673461e-18,-2.0521495195169828e-17,0,1.10777943373861e-17,0.9743098173197817,-0.20922974754565873,0,-2.21555886747722e-17,0.2092297475456588,0.7040395470495109,0,-11.530893246774793,79.0009252472112,-74.40447978657457,1.0000000000000002],"interaction":{"uuid":"E89B574C-6142-4EB7-AC48-53CD260C5469"},"geometry":"E1B959CF-13D5-48C0-9084-6127F130FC9E","material":"D1221C12-D0D1-4B46-953C-997F9061B2F1"},{"uuid":"40235EEE-9332-4826-9D02-72E70F7D0D49","objectType":"Mesh3D","name":"Cube copy 2","matrix":[0.9271838545667868,0.374606593415912,7.806255641895627e-17,0,-0.37369407058201265,0.9249252812971605,-0.06975647374412532,0,-0.026131234997993396,0.06467707620706502,0.9975640502598249,0,22.68607928725923,-111.9933353947844,386.8923251805628,1],"castShadow":true,"receiveShadow":true,"layers":1,"userData":{"positionToCenter":{"x":0,"y":0,"z":0}},"hiddenMatrix":[0.735537190082639,5.245873275673461e-18,-2.0521495195169828e-17,0,1.10777943373861e-17,0.9743098173197817,-0.20922974754565873,0,-2.21555886747722e-17,0.2092297475456588,0.7040395470495109,0,4.250734530891369,23.683070520624227,-194.64142528925382,1.0000000000000002],"interaction":{"uuid":"EA453C5B-9504-4259-ACC7-AEB49A9DA320"},"geometry":"E3649080-38A5-4EBE-8AC3-72BBF0742B7D","material":"A51F4C98-9A98-47D5-96FA-316648DBAA17"},{"uuid":"22FF4138-FAF3-4618-858E-6743314C6042","objectType":"Mesh3D","name":"Cube 2","matrix":[1.0000000000000002,0,0,0,0,1.0000000000000004,0,0,0,0,1.0000000000000004,0,-6.040807792757541,-119.32147626299735,-1.2921127715130538,1],"castShadow":true,"receiveShadow":true,"layers":1,"userData":{"positionToCenter":{"x":0,"y":0,"z":0}},"hiddenMatrix":[0.9599999999999885,0,0,0,0,1.0000000000000002,0,0,0,0,1,0,5.799175481047174,165.6312788053409,-15.762924924634746,0.9999999999999998],"interaction":{"uuid":"BA5C605C-8CB1-4BD8-8172-87C53E784402"},"geometry":"40685DD5-2BB6-4F2C-8455-973BB80FD6CB","material":"68BE569F-6C6D-40D2-8461-04EF883F32F9"}],"hiddenMatrix":[1,0,0,0,0,1,0,0,0,0,1,0,-10.154541519466306,122.71512848539487,-172.8352302466565,1],"interaction":{"uuid":"32E253BB-1A20-4A79-B1ED-E35A0DF171A5"},"enableHelper":true},{"uuid":"23792818-D99A-491B-9E68-A36C673ABA44","objectType":"EmptyObject","name":"arm r","matrix":[-0.9284330203744205,-0.2891595724060673,0.23323564985733866,0,-0.33792198392615497,0.9181652108241395,-0.20683659833712836,0,-0.15434007728987906,-0.2708493812402089,-0.9501682762668698,0,130.87448764115754,6.732503765498706,108.95098758087931,1],"layers":1,"userData":{"positionToCenter":{"x":0,"y":0,"z":0}},"children":[{"uuid":"B850C389-419F-4DAD-A84B-37D0F4CD5287","objectType":"Mesh3D","name":"Sphere 6","matrix":[0.8288073059511254,0.5500199494818219,0.10274485278617002,0,0.021004719798718378,0.15291217709249108,-0.9880165321709007,0,-0.5591397422364244,0.8210334471072719,0.11518171462057808,0,-117.79126377042232,-12.900873957953003,21.956839913022666,1],"castShadow":true,"receiveShadow":true,"layers":1,"userData":{"positionToCenter":{"x":0,"y":0,"z":0}},"hiddenMatrix":[1,0,0,0,0,1,0,0,0,0,1,0,143.70803909009453,38.967373922706216,-20.337112670279957,1],"interaction":{"uuid":"1126A55F-7C6D-4C66-BD0B-68A62E3FEC57"},"geometry":"6335A79D-0034-46E9-8FCF-9F9C073C5476","material":"1698A9DD-9377-4267-A1D2-358AB7EC6EB1"},{"uuid":"9839370E-A53D-4825-A489-2BF9CCDA69BA","objectType":"Mesh3D","name":"Sphere 3","matrix":[0.5945871106106527,0.7925642898743148,0.13530711109065363,0,0.02076343943239889,0.15309403937570287,-0.9879934689513731,0,-0.8037630543130311,0.5902576230118962,0.0745713818950251,0,-170.31085917635457,-69.18268208864889,10.084391149948946,1],"castShadow":true,"receiveShadow":true,"layers":1,"userData":{"positionToCenter":{"x":0,"y":0,"z":0}},"hiddenMatrix":[1,0,0,0,0,1,0,0,0,0,1,0,143.70803909009453,38.967373922706216,-20.337112670279957,1],"interaction":{"uuid":"9568F709-2939-4E26-B0C9-CC97CD597556"},"geometry":"181FF67D-0A15-4EAF-91D3-517B240C55C6","material":"D4A35D59-133D-464A-8BF1-D19533CFFF46"},{"uuid":"98C99DAE-A902-4D39-B43C-8BED13ACAADE","objectType":"Mesh3D","name":"Cube","matrix":[-0.10577664233412735,-0.04506224770989633,0.9933683585497632,0,0.6302193288379728,0.7696849656202893,0.10202279773222271,0,-0.7691780674821231,0.6368315691997583,-0.05301559181071114,0,-151.4659965230421,-45.133336068342906,13.034316296587793,1],"castShadow":true,"receiveShadow":true,"layers":1,"userData":{"positionToCenter":{"x":0,"y":0,"z":0}},"hiddenMatrix":[1,0,0,0,0,1,0,0,0,0,1,0,143.70803909009453,38.967373922706216,-20.337112670279957,1],"interaction":{"uuid":"3709F4A8-E2EE-4E07-A19F-763FCB150ADE"},"geometry":"BCF81C9F-2C1B-4E5F-A229-A5519E6B90C1","material":"CADCEAC7-C151-4436-A0F4-4AA11DEB9918"}],"hiddenMatrix":[0.9999999999999889,0,0,0,0,1.0000000000000009,0,0,0,0,1.0000000000000004,0,-1.8482959124544536,-28.25972906473794,-91.30383510613592,1.0000000000000002],"interaction":{"uuid":"AF73EFAC-EC64-4BB7-86E2-7558364F2374"},"enableHelper":true},{"uuid":"481A5C30-2AC3-4349-9642-B712C9E8B43F","objectType":"EmptyObject","name":"torso","matrix":[1,0,0,0,0,1,0,0,0,0,1,0,-1.3034489819588657,-186.55350863136525,164.1866619882723,1],"layers":1,"userData":{"positionToCenter":{"x":0,"y":0,"z":0}},"children":[{"uuid":"4C0805C2-B76A-4DEC-A641-8F9DF2AFCD88","objectType":"Mesh2D","name":"krillin","matrix":[-0.9999999999999947,-1.2248332903787261e-16,-3.2552165521193583e-22,0,-1.2246467991473564e-16,0.9998476951563913,0.017452406437283477,0,-2.1373033680837913e-18,0.01745240643728339,-0.9998476951563859,0,-12.290777588927618,-2.3084753479939835,-17.768694848277732,1],"castShadow":true,"receiveShadow":true,"layers":1,"userData":{"positionToCenter":{"x":0,"y":0,"z":0}},"hiddenMatrix":[0.9999999999999889,0,0,0,0,1.0000000000000009,0,0,0,0,1.0000000000000004,0,9.60969458897072,35.57865108123244,-82.65526684775173,1.0000000000000002],"interaction":{"uuid":"3B1CB008-FEC9-417F-9017-64BF8C215906"},"geometry":"F89C4970-DA65-4A0C-9545-ED966BD1102F","material":"53D1E358-AB82-47FB-BEC2-F29C5796974B"},{"uuid":"E9B3D6B3-B0C3-417B-A88A-2ADC6F65BA10","objectType":"Mesh2D","name":"krillin","matrix":[0.9998466721294751,0.017209774710404933,-0.003233556250459308,0,-0.017209708257326557,0.9998519008340279,0.00004837637094591517,0,0.006695081607031009,0.000015070783961509018,2.0702637933918764,0,54.398668692170006,-2.388331490375805,183.81900744579377,1],"castShadow":true,"receiveShadow":true,"layers":1,"userData":{"positionToCenter":{"x":0,"y":0,"z":0}},"hiddenMatrix":[0.9999999999999889,0,0,0,0,1.0000000000000009,0,0,0,0,1.0000000000000004,0,9.60969458897072,35.57865108123244,-82.65526684775173,1.0000000000000002],"interaction":{"uuid":"582640E0-5C33-4F5E-BBCC-5DA0E7E5E30D"},"geometry":"09C4F653-2242-4447-9C0A-DD1A03046C5C","material":"75DF5F20-3280-406E-A2D8-6A7F9E1575DE"},{"uuid":"2E084399-65DE-40E9-8562-9C72A7F3B24F","objectType":"Mesh3D","name":"Cube","matrix":[1,0,0,0,0,1,0,0,0,0,1,0,-7.790807792757569,-128.70792175197388,-0.6808916624040648,1],"castShadow":true,"receiveShadow":true,"layers":1,"userData":{"ui":{"enabledScaleLock":false},"positionToCenter":{"x":0,"y":0,"z":0}},"hiddenMatrix":[0.9599999999999889,0,0,0,0,1.0000000000000009,0,0,0,0,1.0000000000000004,0,7.479175481047183,128.707921751974,0.815003678194131,1.0000000000000002],"interaction":{"uuid":"4115D59D-610A-4FE3-B4CB-ECC4BE98C878"},"geometry":"CD73B262-4311-4A54-9E78-D83942EE414C","material":"D8AB396E-0DFF-4724-A4E7-21F848480FF8"}],"hiddenMatrix":[1,0,0,0,0,1,0,0,0,0,1,0,-10.154541519466306,122.71512848539487,-172.8352302466565,1],"interaction":{"uuid":"F6A90125-D68B-4902-9B9A-1D49D4DFBCA1"},"enableHelper":true},{"uuid":"5EFBBEEB-6C55-4C99-8B05-0ED72637FFDD","objectType":"EmptyObject","name":"legs","matrix":[1,0,0,0,0,1,0,0,0,0,1,0,-0.3293802764196414,-307.15787006844823,167.26736747778168,1],"layers":1,"userData":{"positionToCenter":{"x":0,"y":0,"z":0}},"children":[{"uuid":"3071420E-31C2-4DFA-8151-6D14ABC09EB8","objectType":"Mesh3D","name":"Cube","matrix":[1,0,0,0,0,1,0,0,0,0,1,0,-67.66236497064995,-243.00261929200957,58.47350881964391,1],"castShadow":true,"receiveShadow":true,"layers":1,"userData":{"positionToCenter":{"x":0,"y":0,"z":0}},"hiddenMatrix":[0.9999999999999889,0,0,0,0,1.0000000000000009,0,0,0,0,1.0000000000000004,0,8.635625883431496,156.18301251831545,-85.7359723372611,1.0000000000000002],"interaction":{"uuid":"006DD22C-4EC4-44B3-A307-5C4DE199180E"},"geometry":"6BC21813-2800-4C5B-813E-B56AAA9A9864","material":"251E26D5-D927-4BF2-AF8F-D7BF4418306F"},{"uuid":"A147A9F5-061D-42EC-926C-71104A4245D9","objectType":"Mesh3D","name":"Cube copy","matrix":[1,0,0,0,0,1.0000000000000002,0,0,0,0,0.9999999999999998,0,50.39111320378675,-243.00261929200963,112.99843585487835,1],"castShadow":true,"receiveShadow":true,"layers":1,"userData":{"positionToCenter":{"x":0,"y":0,"z":0}},"hiddenMatrix":[0.9999999999999889,0,0,0,0,1.0000000000000009,0,0,0,0,1.0000000000000004,0,8.635625883431496,156.18301251831545,-85.7359723372611,1.0000000000000002],"interaction":{"uuid":"ECE8F2BF-3F9F-4AC6-9DB2-AC57FCAC92EF"},"geometry":"582D303D-F849-4FED-B9C5-070CD32ACB8B","material":"432FC4AB-5B2F-4711-8383-B03BB1DB7BF3"},{"uuid":"48A1EFB9-C0FC-42D4-ACBA-941B5DC0A7E0","objectType":"Mesh3D","name":"Cube copy","matrix":[1.0000000000000002,0,0,0,0,0.9945218953682737,0.10452846326765355,0,0,-0.10452846326765355,0.9945218953682737,0,-111.384772306401,-167.44756038969066,49.74496870796925,1],"castShadow":true,"receiveShadow":true,"layers":1,"userData":{"ui":{"enabledScaleLock":false},"positionToCenter":{"x":0,"y":0,"z":0}},"hiddenMatrix":[0.9599999999999886,0,0,0,0,1.0000000000000002,0,0,0,0,1,0,49.42510677550762,166.79657714780708,-74.04096372748454,0.9999999999999998],"interaction":{"uuid":"CF0BA91C-C31D-4B1D-BEBB-839E28CED797"},"geometry":"622C6735-94D0-48CB-88FE-16BA331FFAEB","material":"F9FCAD88-05CE-4E35-8B01-3F58C70AD50E"},{"uuid":"DF505E51-7C73-4C69-80A5-99D8799AA08C","objectType":"Mesh3D","name":"Cube copy 2","matrix":[1,0,0,0,0,0.9781476007338057,-0.20791169081775904,0,0,0.20791169081775904,0.9781476007338057,0,9.000858873909081,-166.79657714780697,83.50938485167217,1],"castShadow":true,"receiveShadow":true,"layers":1,"userData":{"ui":{"enabledScaleLock":false},"positionToCenter":{"x":0,"y":0,"z":0}},"hiddenMatrix":[0.9599999999999886,0,0,0,0,1.0000000000000002,0,0,0,0,1,0,49.42510677550762,166.79657714780708,-74.04096372748454,0.9999999999999998],"interaction":{"uuid":"88A99690-C8B3-47F8-A179-41B9F97BF8BC"